0	file:/C:/mallet/hist-data/texts/church-hatcher-hatcher.txt	0.03500451520830623	0.09961177604533443	0.06892062884282314	0.007060078449219998	1.069545000842246E-5	5.4679621909909993E-5	0.027318972865473367	0.002621836696796689	6.148338780746277E-5	0.0024703451103791655	0.03576866546247176	0.021615553575642748	1.1282843454006162E-6	0.07876019012154425	0.05378399160994811	0.04732626392935481	0.0018045371789429069	0.504252478459107	2.409289125467063E-5	0.013528086809329449
1	file:/C:/mallet/hist-data/texts/fpn-ball-ball.txt	6.0027126496623594E-5	0.0013194181402253855	0.09562460808074416	0.6000423329732385	5.5598690894315784E-6	1.7529914459062592E-6	0.0586358918478503	2.6816015725663034E-6	5.289826985854888E-6	3.061653094424342E-5	3.0516938632011753E-5	0.01822442486630088	5.86521675211653E-7	0.18984866678941303	6.052759052495801E-5	4.6424066544397877E-4	4.56294277119608E-6	2.8339993086769625E-5	1.252432775211833E-5	0.03559743037580687
2	file:/C:/mallet/hist-data/texts/fpn-brownw-brown.txt	0.05901519207750202	0.031310459662097286	0.24849044489871286	0.16230369897261798	0.00930370861246978	4.769508054159281E-6	0.019698804631102323	7.29605402711424E-6	0.12787752106617864	0.004219622327951127	0.0011715355807782148	0.0035771873053983987	1.5957977777893639E-6	0.10508175746973299	2.3724943778318926E-4	0.0015533659432005954	0.005890345203151115	4.539908525163331E-6	0.20561650691109593	0.01463439863184337
3	file:/C:/mallet/hist-data/texts/fpn-bruce-bruce.txt	0.06268256696792257	0.002421242904377046	0.19079925543578147	0.12553404254401587	0.06284361354511238	6.569470078087018E-4	0.011241020167785665	0.008390369049824318	0.017216167258528023	0.025162738037197624	0.005561481975341202	1.6058187275821106E-5	1.1973340413310763E-6	0.16448901256411422	0.27301377413212286	2.3989198167005237E-4	6.376222776338357E-5	3.4063131916609982E-6	0.031877278071341865	0.017786174294783942
4	file:/C:/mallet/hist-data/texts/fpn-burton-burton.txt	0.01027660209571067	0.11902221332408734	0.31624362434250425	0.0865189411607475	0.06492773003395927	9.896397080767801E-6	0.009554763470577186	0.029527164473688042	0.0010838642845968434	0.020198861015943696	2.1709795910283655E-5	0.10137906770843899	3.311169263219573E-6	0.0695737715235677	0.09926721911980574	0.059988604107470714	0.008307195565789731	9.419994046597498E-6	0.0038349942511253818	2.5104616568616563E-4
5	file:/C:/mallet/hist-data/texts/fpn-burtont-burton.txt	0.009603078877999245	0.038484348709546784	0.22480821766390208	0.025701050584475717	0.17404284555918573	0.001398522284273704	0.012720154775005106	0.022383905281970696	0.007126776390480155	0.02532224456918919	0.020230930329701725	0.030435661833648302	3.392385961540796E-6	0.10521853881988001	0.2567381737435369	0.03523499571848661	4.891860123848465E-4	9.651048623954358E-6	0.001460822675915739	0.008587502735831996
6	file:/C:/mallet/hist-data/texts/fpn-ferebee-ferebee.txt	0.010446321502487024	9.131252879447431E-4	0.26671292990386924	0.024997952410635762	0.19864528736416445	0.0011336231245672567	0.00904340551984421	3.71778305067108E-5	0.1139634820890222	5.469560482880674E-5	0.1867887777673005	1.0905737655613317E-4	8.131559756158282E-6	0.10762784770774893	0.014890538282290287	0.030841281785960104	6.326081946506418E-5	2.3133593725765177E-5	0.014225019144251517	0.01947495132507516
7	file:/C:/mallet/hist-data/texts/fpn-grandy-grandy.txt	0.017993193740612888	5.273878292610325E-4	0.3441187231432055	0.29677413548625337	4.451989080270053E-5	4.4117183275913094E-4	0.013552273241518325	2.147255758484186E-5	0.023107647223943956	3.1590184481375584E-5	3.0792712671514E-5	4.901225528238912E-4	4.696492042137158E-6	0.05212424312732735	5.7531403571023464E-5	0.007134423541342548	0.034848039124077426	1.3361119157589503E-5	0.15536385704041603	0.05332081775614737
8	file:/C:/mallet/hist-data/texts/fpn-hortonlife-horton.txt	0.0016351957039179897	0.4079377760695191	0.0648724675110117	0.01351642572879384	0.04011191856538396	7.743070082324357E-4	0.09841653650317785	7.304936329622225E-5	0.0132220694270464	1.0746939919275024E-4	0.005190633452353551	0.07795554621738787	1.5977405208873752E-5	0.15044350829621772	0.015453352216998915	2.9493916696719E-4	0.013928822276632995	4.545435463523329E-5	0.009786374755174786	0.0862181765788507
9	file:/C:/mallet/hist-data/texts/fpn-hortonpoem-hortonpoem.txt	4.989161715116505E-4	0.5325061365389837	0.039642917761536944	0.03462639950442025	0.008473584634799677	1.0087782659858415E-5	0.07665832646429149	0.007229153726157713	0.00647674579659521	0.008003842159266257	2.2129639801784656E-5	0.1423244251743916	0.014737786412022327	0.07859342526152406	0.006794617600533791	0.001290173072056015	0.02136045751962042	9.602166508042259E-6	8.394898761275409E-4	0.019901782737191724
10	file:/C:/mallet/hist-data/texts/fpn-hughes-hughes.txt	2.6147419061897973E-4	1.5190484488194448E-4	0.2792314991496361	0.1952222629452236	0.006164261582481039	4.043066118989692E-6	0.030846795617257974	0.06748746411078978	7.371474037957215E-5	0.1646831051342062	0.003084588505690252	0.04959873601923878	1.3527424327363875E-6	0.11811158472981105	0.03372645338102461	0.010174844679453482	1.0523884394412683E-5	0.0016647368064780753	0.038413861525890776	0.0010867923439916872
11	file:/C:/mallet/hist-data/texts/fpn-jackson-jackson.txt	0.005436909590811719	0.049389000395709155	0.24452022199859277	0.3250158241234209	0.0013088822164667036	9.342170971235766E-6	0.026929199948918712	1.4290988370851839E-5	0.035562972965866795	0.04408415445900211	0.009543815570435356	0.010702355767046434	3.1257344586357358E-6	0.01862939295636533	3.828983185369044E-5	0.03587676061476227	0.02703075151365702	0.015644196541379194	0.13012404780134948	0.02013646481056167
12	file:/C:/mallet/hist-data/texts/fpn-jacobs-jacobs.txt	0.004860177337751989	0.00890500814706462	0.30715807776747794	0.056103116358426054	7.492811183345582E-5	2.22992252062427E-6	0.09620078553605435	3.4111767926600734E-6	1.085123931903658E-4	5.018484814998921E-6	7.274738271980471E-5	0.12679816877272296	7.460948514284297E-7	0.1222100985298864	1.109229418025242E-4	0.016536607926622468	5.804368794594768E-6	0.02273374388481094	0.18370100307448944	0.0544088917873724
13	file:/C:/mallet/hist-data/texts/fpn-jones-jones.txt	3.912639927355054E-5	3.8552395800768867E-4	0.29713985872879356	0.04895953574271317	5.009020495010787E-4	1.0261021324837013E-5	0.06610972663987838	1.5696580257180968E-5	3.09636579421494E-5	2.3092631797206398E-5	2.2509674680110656E-5	0.008944840954334643	3.4331664486329312E-6	0.03919599785672324	4.2055832887756495E-5	0.23752073831571047	2.6708888505185315E-5	9.767065630361255E-6	0.28826942595150346	0.012749834884087393
14	file:/C:/mallet/hist-data/texts/fpn-lane-lane.txt	0.004608302679597738	0.027435520224230393	0.0382988977798354	9.6074069246998E-4	0.08681242791700293	4.641843845082641E-6	4.5599716316076656E-4	4.3084871503010295E-4	0.0016383743797147518	3.635698553986718E-4	0.4561042291881462	0.0026339417373147755	1.5530834645238528E-6	0.10735403622405136	0.17622754869956894	0.06853458856566903	1.2082470720209932E-5	4.418389948286238E-6	0.00314064885207979	0.024977631538751027
15	file:/C:/mallet/hist-data/texts/fpn-mason-mason.txt	0.01390482319135678	0.01010249418629405	0.3984864929375868	0.11422411177124944	0.0033303286785665515	0.0014619102389548976	0.04220391279069187	0.006883083797841687	9.509830374798207E-4	0.04189890530929812	1.904818523059641E-5	0.02447960190923445	2.9052214823349663E-6	0.23093952343111457	0.007698058927804984	5.362970974655904E-5	0.00794929511912186	8.265107245237118E-6	0.07285550516183345	0.02254712128786595
16	file:/C:/mallet/hist-data/texts/fpn-northup-northup.txt	0.0038036369373193944	0.014364850234288155	0.07280997605907484	0.23434617178449774	6.4332270768321735E-6	2.0283556777795087E-6	0.07525320196858587	0.016729763048409924	0.044044763064443	0.024600779228703087	4.449618122501789E-6	0.2215293361979005	6.786539505566547E-7	0.1939942156492877	0.0020760001999826513	7.531917142822154E-4	3.614069781212221E-5	0.005217439155769381	0.028869523599513173	0.061557420605302594
17	file:/C:/mallet/hist-data/texts/fpn-robinson-robinson.txt	0.009859829534012234	0.09728725473739849	0.25463525785803126	0.1360511316662557	0.050947020343951474	2.3138365138845895E-4	0.004863404199848953	0.011501701468210633	1.128730985172077E-5	0.07922823738158462	0.011390363494105799	0.05584626946802314	1.251506315909189E-6	0.06903645838945094	0.029950406193596044	0.14099112872018024	0.006042280014509182	0.006719033618964999	0.03536832455297017	3.797589135003681E-5
18	file:/C:/mallet/hist-data/texts/fpn-roper-roper.txt	3.950259327695549E-5	0.0024382946146827116	0.23505724663671726	0.3979287581089776	3.2857240307106185E-5	1.0359679385964133E-5	0.004327721986241288	1.5847500338669475E-5	0.015950911716263887	2.331466371852404E-5	0.013893312543172666	4.6487027036065475E-5	3.4661757889925454E-6	0.06747165422294549	4.246019292175712E-5	0.018347939650027213	0.014370413033178289	9.860974387344377E-6	0.13342078940433838	0.09656880203629388
19	file:/C:/mallet/hist-data/texts/fpn-steward-steward.txt	0.05517992693937853	0.040579701311219366	0.12312645497049687	0.06198877988102789	0.005697685736081386	0.01034090041075181	0.09186238512248852	3.1788639345955683E-6	0.01802807117812093	0.012778022980503937	0.0027552545041111855	0.033112526721170515	6.952832289714804E-7	0.26919082664961136	0.015753879610671703	0.00766419565150112	0.012715520955600874	1.9780214652155976E-6	0.14105914805728856	0.09816086715134664
20	file:/C:/mallet/hist-data/texts/fpn-veney-veney.txt	0.02730759864803661	0.053616570217486274	0.3904253581021296	0.08931664102684263	5.163229256694236E-5	1.6279334233682975E-5	0.04890735686770218	0.0029971419229227643	0.0022783037358481252	0.0208423096550914	0.0010264584086669007	0.10657827956657005	0.0208111194843342	0.08571553094762939	0.009231125943720657	0.05706845985524224	7.854339733768514E-4	0.023545720729778303	0.05906571440717472	4.1296488064649983E-4
21	file:/C:/mallet/hist-data/texts/fpn-washeducation-washing.txt	0.025134342404244392	0.001980327283901571	0.07557755508564888	0.0017931060962247136	0.018553357855690938	2.5288429637489316E-6	0.010098229638985356	0.010353859570387028	7.631036525516332E-6	5.691211194879554E-6	0.012086949821943914	0.0011656217895534562	8.461086418356314E-7	0.10196336059832349	0.7065415433562162	5.409477127516609E-5	0.009471630089850467	9.643021929904636E-4	4.413012723720362E-4	0.023803720973065972
22	file:/C:/mallet/hist-data/texts/fpn-washington-washing.txt	0.012066947231337765	8.815679570789199E-4	0.14793158203243914	0.025452419033398125	0.02006615676452689	2.4688096411494036E-6	0.011586374123644941	0.006314261373913659	4.501228928439816E-5	5.55610501290543E-6	0.0030855334087564064	0.015712165391374867	8.260224942267403E-7	0.12316956270128733	0.593683997859569	0.005612047169893632	0.008533093093241384	0.0013545966987923363	0.01260104564355804	0.011894786290754817
23	file:/C:/mallet/hist-data/texts/fpn-williams-williams.txt	1.397439177608116E-4	0.017930825432536053	0.09758103984589728	0.41909178827665683	0.0063924632953555735	7.344160572125681E-6	0.10687429943582208	1.1234574239014745E-5	0.062372985944800806	1.6528178880317543E-5	0.0061618014946485744	0.027967912559961162	2.457233531769823E-6	0.07934248470023815	1.4184061263815636E-4	0.02228158579371167	0.0010247749112464902	0.0011243889030071901	0.08776823592775246	0.0637662648007435
24	file:/C:/mallet/hist-data/texts/nc-jones85-jones85.txt	0.007738063979741705	4.443301449762114E-4	0.2854971965003855	0.055860211154663816	0.006109859118858474	5.3394764434794965E-6	0.031720301787413134	8.167951110630246E-6	4.2230734993668403E-4	1.201659752920236E-5	0.01950907064663645	0.017002908587568043	1.7864996864053272E-6	0.08254405244830712	7.530352863005287E-4	0.2565044671605893	1.3898370979871495E-5	5.082439184586775E-6	0.20532907375411377	0.030518830745575112
25	file:/C:/mallet/hist-data/texts/nc-omarsaid-omarsaid.txt	1.4747824145142522E-4	0.05971035755105476	0.08549563374459011	0.02212801517320762	0.08132968988497222	3.867663287650167E-5	8.571625863617934E-4	5.9164760778155356E-5	0.15252698967587952	6.754992045442518E-4	0.0024386719054435356	1.7355379555760095E-4	1.2940555733598777E-5	0.06712201319452946	0.018400677042688766	0.1385261984811993	0.2225372967076997	3.681477698051465E-5	0.03558372753315593	0.1121994385512953
26	file:/C:/mallet/hist-data/texts/neh-aaron-aaron.txt	0.06733909967880697	0.23264142139154023	0.1934774399326207	0.12681832668255366	2.1587654784500788E-5	0.02755341694152801	0.024280020353156986	1.0412023752173312E-5	0.04299739385858256	5.331114821645051E-4	1.1849004458035139E-4	0.010075735157915594	2.277324743520308E-6	0.02102909222070041	0.005309389914424138	0.09790499720577253	0.006334796675447532	3.17154852763752E-4	0.09511550279779234	0.04812033380636951
27	file:/C:/mallet/hist-data/texts/neh-adams-adams.txt	0.03127469414964296	0.0931458679768812	0.3727053663536987	0.0022593341427261534	0.04879372083637714	1.9530015037888392E-5	0.002512844709716944	2.9875627265693818E-5	0.08147666132338631	6.382426679156084E-4	4.284313140802478E-5	3.847820986615503E-4	0.0020865493544275607	0.04548234780829138	0.07704059842449888	0.1439387994836648	5.083558231079294E-5	1.8589858903741052E-5	0.06551143112066717	0.03258708533451751
28	file:/C:/mallet/hist-data/texts/neh-adamsh-adamsh.txt	0.08886695007277236	0.12724528324310877	0.010397837298302794	0.009454634015967562	0.030638170240899234	0.0992507129940404	0.037641196133940104	2.993009511612888E-6	0.007924371191719978	4.403281828574931E-6	0.005749646050723304	0.00798678410459183	6.546330262610994E-7	0.15149469780058505	0.04102925083022272	0.007245871959076346	0.10857144396826757	1.8623751067589964E-6	0.0911954247438899	0.1752978120524189
29	file:/C:/mallet/hist-data/texts/neh-aga-aga.txt	7.094935358194686E-5	0.096668905966288	0.11077235866552596	0.2144751321614445	5.901384610199296E-5	0.011342479381340602	0.04259379257691356	0.026073370379464403	5.614755143116599E-5	0.009100972879358231	4.081762946618427E-5	0.03830156420243681	6.2254882839268945E-6	0.1814833180074291	7.626140440052651E-5	0.001530405145373762	0.20501052791098628	1.771098301230666E-5	0.0100413249623514	0.05227872150480937
30	file:/C:/mallet/hist-data/texts/neh-albert-albert.txt	0.02923676034066385	0.04723419435367601	0.2950282268380831	0.1090469503059974	0.04306274840760071	5.681000297472797E-6	0.007905072074923768	8.690389999922073E-6	0.004598208659203123	0.025165428802946886	0.02654806927149352	0.021807163119037812	1.9007678669128105E-6	0.02196011573154463	0.04764908010975284	0.16166891429611918	1.4787339265717361E-5	0.1091730668550952	0.046888467310633605	0.0029964740257983433
31	file:/C:/mallet/hist-data/texts/neh-aleckson-aleckson.txt	0.022146415436920055	0.009214909560695587	0.19941533702286487	0.09280230910711618	0.016375395264251243	1.0075533924171062E-4	0.04570673662944174	0.036124375656923634	1.8750745129056582E-5	0.10438785008217619	0.004646166954890614	0.09163864040481808	2.0790317857217533E-6	0.15495968985255498	0.06705542335512052	0.007696243595923675	0.008052205508449355	0.10920139928469799	0.0015570594589206952	0.02889825770807815
32	file:/C:/mallet/hist-data/texts/neh-alexander-alexander.txt	0.08077896321198037	0.03371730469461399	0.05952342124726081	0.03386104264672097	0.23694638643431107	0.012513322355492242	0.03325363962793953	0.005583061932929173	0.05458532112875192	0.020272014217420482	0.02246808679924805	0.016064013947178137	4.430711813959401E-7	0.18401430864993712	0.14658318317348817	0.001378252857356756	4.265579929556445E-4	0.0027212600883546848	0.02182990229301678	0.03347951362986272
33	file:/C:/mallet/hist-data/texts/neh-allen-allen.txt	0.0010314097914176006	0.09969164724768277	0.11204494463139822	0.02620252895762999	0.0010261393057559138	8.216349366410785E-6	0.027684291720203473	1.2568786592298933E-5	2.4793655841932528E-5	1.849105704287659E-5	0.12877831788876312	2.868892420558674E-4	2.749053342938648E-6	0.14626975519856586	3.367553822978577E-5	0.15993852896667052	2.138671699433403E-5	7.820822212840098E-6	0.04306213995572038	0.2538537051145129
34	file:/C:/mallet/hist-data/texts/neh-allinson-allinson.txt	0.015611276173025424	0.03613035458968076	0.09926272498947276	0.029368996134658213	7.889089318914588E-5	2.4873798050992583E-5	0.03763931158614537	3.8050166260084086E-5	7.505917298006106E-5	5.597897534812556E-5	5.456582580443151E-5	0.09169639619373454	8.322357610936488E-6	0.15935164894057424	1.01947775080076E-4	0.19429822420420415	6.474516306056008E-5	0.026136692156566006	0.058458935569081875	0.25154300533547225
35	file:/C:/mallet/hist-data/texts/neh-anderson-anderson.txt	0.007416155218733839	0.11020825633650726	0.18141339890900263	0.020526122836352443	1.6711943710639304E-4	5.269169812811675E-5	0.001969461354628218	0.00408906845304624	0.009779317130823076	9.202765991879728E-4	1.1559014893922786E-4	2.3644364890062675E-4	1.7629762614085444E-5	0.09064300107669022	0.004224426692594106	0.347458462040416	1.3715366588765043E-4	0.008868776944516618	0.072528818222389	0.13922782982353632
36	file:/C:/mallet/hist-data/texts/neh-andersonr-andersonr.txt	1.0535349458202947E-5	0.013303540637621524	0.5229569278636877	0.011795830754435374	3.8709932095730654E-4	2.762928546003682E-6	9.860548501500564E-4	0.001013123300691572	0.0011433462785390882	6.218025435773795E-6	0.2544161963581318	1.3851019547758778E-4	9.244297700804826E-7	0.04725270986433519	0.00753601254555764	0.12423747946648364	7.191754908878749E-6	2.6299238240054236E-6	5.241882542696481E-4	0.014278717897718857
37	file:/C:/mallet/hist-data/texts/neh-andersonw-andersonw.txt	0.006945981437976551	0.06382156409811011	0.17595703907417434	0.1945625280713394	0.07582344786481927	8.415173740873918E-6	0.01260590069579375	1.2872933972179167E-5	0.03920412322309313	0.04252657977497522	0.01154161618902925	9.340068880209291E-4	2.8155766596698027E-6	0.11690427100393007	3.449044002189048E-5	0.07495248734794938	2.190424618383052E-5	0.005897623020999586	0.14038655277734016	0.0378557801618704
38	file:/C:/mallet/hist-data/texts/neh-andersrob-andersrob.txt	1.9276221370715275E-4	0.004060247666907794	0.5096426613954719	0.007685506940718255	1.2361603516796589E-5	3.897535153088397E-6	0.0016281824896069576	5.962171931906387E-6	0.001019863949638317	8.771480085425945E-6	0.21947844821097656	0.027532764416001575	1.304050200886123E-6	0.06879201200682343	0.04205978903126396	0.08583140632813253	0.0036867550956156928	0.01714145662013629	2.7846118585847384E-5	0.01118800067552572
39	file:/C:/mallet/hist-data/texts/neh-armistead-armistead.txt	0.024327184359161987	0.16194918373260161	0.002302369659404355	0.010968540040273667	0.009703708481610732	0.0972576123906313	0.046017506575328423	1.7013169697978719E-4	0.004301145204722208	1.920936312563937E-6	1.8724436372928458E-6	0.005237435944993255	5.587100241954697E-4	0.13106175493512973	0.03426218842442696	0.03048485694425576	0.1510235661935051	8.124630921810225E-7	0.048186439449186526	0.24218306010055096
40	file:/C:/mallet/hist-data/texts/neh-arter-arter.txt	0.0019189088122408856	0.11588451418095003	0.06339073997111697	0.0014172382681491098	0.26117656090064395	3.979257435485936E-4	0.006458984456672961	0.018768862892458243	5.378297927328223E-4	0.008734813894304553	0.025463163711415725	0.009531686333774408	1.4426391513179643E-6	0.1194660784061089	0.19649665788184648	0.13975959894008932	1.1223250845035384E-5	4.1041853002676066E-6	0.002589296452800729	0.027990369285849723
41	file:/C:/mallet/hist-data/texts/neh-arthur-arthur.txt	0.024045353091341065	0.006991243176065629	0.1807813365023442	0.23623602501699656	0.004547912317214368	0.0011516869381387458	4.934598160907095E-4	0.01199591174184437	0.07369920942072557	0.1395649846686925	0.002317132298338371	0.0013993795169400594	0.029201583825564315	0.06382863514215567	2.9111117658153914E-4	0.036100465179634986	1.8487937163629958E-4	6.760779117113463E-5	0.0026687753319998347	0.18443330767652405
42	file:/C:/mallet/hist-data/texts/neh-auntjudy-auntjudy.txt	9.611969477243427E-5	0.005165921699243011	0.25477409504410764	0.12065975538423046	0.001230538792295092	0.0015593262314250898	0.05156810150244984	0.001189149838348152	4.5959636733705454E-4	0.026136745574551225	5.5298292197862374E-5	0.30540270383495743	8.434073088055311E-6	0.08056595879730911	1.0331627483299535E-4	0.007442754078894652	8.3267354167661E-4	0.03607577988532051	0.07918720227358936	0.027486528819373458
43	file:/C:/mallet/hist-data/texts/neh-ballslavery-ball.txt	4.823266971055198E-6	0.006148329556653925	0.08048997086238197	0.587497915930831	4.011869317595926E-6	2.514556370988262E-4	0.05843794388762981	0.001945724421157867	2.1551685349175873E-4	2.8467206359441023E-6	2.3372013733834488E-4	0.01653750903688131	4.232200929621457E-7	0.18441104741936662	8.904746304742617E-4	7.81254402890811E-6	0.004718425313985708	1.204025055556177E-6	9.037257069190391E-6	0.058191807409537444
44	file:/C:/mallet/hist-data/texts/neh-baquaqua-baquaqua.txt	0.008140883570684421	0.08047750747683693	0.17107732460874403	0.16416088798517148	1.400402942025331E-4	0.013565979339494669	0.06158702391054364	0.010672927943799771	2.2983556092832837E-5	1.7141088408670925E-5	3.643587029541784E-4	0.00536481593725873	2.548354390027513E-6	0.1713990861091285	0.0038553706235834695	0.03006085377823014	0.17569912501976048	7.249850815339578E-6	0.028677626881871053	0.07470626496802911
45	file:/C:/mallet/hist-data/texts/neh-barber-barber.txt	0.014869015558830575	0.008054088908760925	0.08988469561818833	0.092240026214409	0.01208163517494558	0.1928111567876203	0.015588522823915605	0.0015188399759626153	0.1815806241341828	1.714903756674428E-5	1.6716122272001423E-5	0.007222298805571636	2.5495361861533067E-6	0.1495664444696603	0.0017702892374152756	0.001438310048566081	0.1480716183250675	1.231903967811251E-4	2.8631605019627525E-4	0.08285651277390113
46	file:/C:/mallet/hist-data/texts/neh-barrett-barrett.txt	1.0918489540583425E-4	0.11391213969374163	0.11121908923043317	0.0900091634891338	0.023180872633784298	0.019633398142140875	0.06990476305798055	0.0017864480758517933	0.028840060161287494	0.038838308265706604	0.013568318918056018	0.15478829518247117	9.58048597787031E-6	0.21611616378605414	5.530211039785225E-4	0.02805918463984287	0.06324543939639692	2.7255665204894276E-5	0.0023828846320740897	0.02381642854447745
47	file:/C:/mallet/hist-data/texts/neh-bayley-bayley.txt	2.865525672022966E-4	0.13689735922055052	0.26264739410430116	0.03634059919632709	4.776373957423176E-5	1.505960402148295E-5	0.029203964644366448	2.3037110603444453E-5	4.544386108395719E-5	3.3891937232218786E-5	3.303635930609976E-5	6.757701596900965E-5	5.0386921164569424E-6	0.09327013643422927	6.172330901898138E-5	0.1618578371666081	0.003934386324330331	1.4334649172694572E-5	0.05601498365930445	0.21919988040468177
48	file:/C:/mallet/hist-data/texts/neh-beard63-beard63.txt	0.011630042079616584	0.04107651434157012	0.011970349626815242	0.006004340634249486	2.413809274730039E-5	0.53718983894519	0.04325345632805386	2.1982548953085148E-5	3.961568431363271E-6	2.292881842655765E-5	2.8799445071893647E-6	0.0032816744084610567	4.392479676635924E-7	0.27452791509937624	0.010172293787820794	3.276970375172425E-4	3.4172025067784534E-6	1.2496229915917492E-6	2.490709763068572E-4	0.06023580968849095
49	file:/C:/mallet/hist-data/texts/neh-beardj-beard.txt	0.007172473873294293	0.05037798917622446	0.0011610653485582293	0.004672694309016163	4.324937012502007E-5	0.5402125023488896	0.0449922725036958	1.9689705780329143E-6	3.884064584607593E-6	2.8967273019386137E-6	2.8236014749744064E-6	5.7757745094276724E-6	4.306545512520457E-7	0.26633704431607697	0.015554585045169659	8.628383571240489E-5	3.3503485967660147E-6	1.2251754550867768E-6	0.003906315161943072	0.06546116939424225
50	file:/C:/mallet/hist-data/texts/neh-bethune-bethune.txt	4.3109002606624554E-4	0.12293478211822612	0.019416350819950818	0.04404061866110628	0.07260290647066343	1.1305471580617757E-4	0.1727957735603846	1.7294305936282027E-4	0.010661773465055443	2.544318779194563E-4	2.4800892555301685E-4	0.19315887585945685	3.7826220692672145E-5	0.2099635345733847	0.050346360692637496	0.002418366454850083	0.0037344818836127485	1.0761237055691585E-4	0.03692989304166347	0.05963131520305059
51	file:/C:/mallet/hist-data/texts/neh-bibb-bibb.txt	0.033598716111896146	0.02254077570809656	0.263753712134016	0.16806614513326523	1.120179150705381E-5	3.531853785553482E-6	0.04081046365616767	0.004035632630541283	0.027093802327043358	0.024243064016611457	0.002425885763666931	6.958489837998332E-5	1.1816993196076439E-6	0.12279113518387988	1.4475659672365679E-5	0.0010965418538492514	9.193226092088158E-6	3.361833742304267E-6	0.22254765771661744	0.06688393680184987
52	file:/C:/mallet/hist-data/texts/neh-black-black.txt	0.05852431808941708	0.06926488296150835	0.36569873055161495	0.1482715091924056	5.8582647514495374E-5	1.8470737047866557E-5	0.019519278394132766	0.001995453344213133	5.5737296101819664E-5	0.00734830465269716	0.014091934564679706	0.0040172800556993234	6.180000285231256E-6	0.04413956840247741	6.377607896138148E-4	0.08245537430935365	4.807833848136942E-5	1.7581573537030273E-5	0.1240654469051124	0.05976552719410689
53	file:/C:/mallet/hist-data/texts/neh-blair-blair.txt	0.08347201044373756	0.015757070533360458	0.4350518965948186	0.009608019621858518	0.024815653829114454	1.9368864924434444E-5	0.0010186445707324229	0.0012084016178376328	0.2711761239928665	0.005348066293742277	4.24896152702373E-5	0.001265686484660298	6.480498880332245E-6	0.04216012315401316	0.060196783084285437	0.03224117929857317	5.0416117203316625E-5	0.003554753986046294	0.00603224427616969	0.00697458712190522
54	file:/C:/mallet/hist-data/texts/neh-bleby-bleby.txt	0.00392810032712717	0.018415880946593417	0.1224568887175756	0.04671969186188518	2.7437470845002404E-4	4.285043396157109E-6	0.07089784021816117	6.554954467395743E-6	1.2930546949037007E-5	9.643575064305671E-6	9.400129849080608E-6	0.015405488172521515	1.4337039903633932E-6	0.21299959051044406	0.02674792942701448	0.03399359040998383	0.004900854971862888	4.0787655296951985E-6	0.37386457300077774	0.06934687000835689
55	file:/C:/mallet/hist-data/texts/neh-bluett-bluett.txt	8.355737656702423E-5	0.06617057982995393	0.13412455937666978	0.047878031429579575	6.95008750956027E-5	2.1913184926813952E-5	0.05016290334000288	0.015036719676697641	6.612522681875519E-5	4.931605685236657E-5	4.807110796210351E-5	4.3173552442946707E-4	0.044016713893326884	0.11704645058101348	7.566222227982299E-4	0.0028025783334983075	0.20543415534720527	2.085830528705528E-5	4.899641642363321E-4	0.3152896441470785
56	file:/C:/mallet/hist-data/texts/neh-boen-boen.txt	1.520411938849618E-4	0.06034445929552562	0.12332733337427863	0.054359150580023996	0.026212991368776178	3.9873281510008476E-5	0.005736990481670264	6.099530870519456E-5	1.2032161425476267E-4	8.973561006331984E-5	0.0025141240114357672	7.855869496351757E-4	1.3340934390781157E-5	0.14321169545053788	1.6342467389794882E-4	0.16343873274614623	0.006170422297578983	0.0012512806767131708	0.052457931322122585	0.3595495688288486
57	file:/C:/mallet/hist-data/texts/neh-boxbrown-boxbrown.txt	0.10276566567669267	0.1672539274789884	0.06169202219967592	0.08143960168976944	4.067573517542728E-4	0.01324772380000255	0.07224343594141777	9.717644658612478E-6	0.01210071251900295	1.42964891945024E-5	1.393558446096632E-5	0.031923779588033	2.125449687451672E-6	0.18258251333852019	2.603647629796552E-5	0.022945841082442343	1.653528879968303E-5	6.046723018523491E-6	0.15594561849689967	0.09536370718068317
58	file:/C:/mallet/hist-data/texts/neh-bradford-bradford.txt	0.05071618853104104	0.020361601936815122	0.1853116920600281	0.08376375086435124	0.05686539960931561	6.419537628221277E-6	0.02934616628753928	9.820151854812464E-6	0.027855859818562194	0.037715796256704265	1.4082584864941342E-5	0.06195278372206499	2.147870129418719E-6	0.13694228695969873	0.005105249325609373	0.02162513653870285	2.1205348934637483E-4	0.137528129511904	0.10523848859282262	0.03942694635101688
59	file:/C:/mallet/hist-data/texts/neh-bragg-bragg.txt	0.17697742734873384	0.06656134336452568	0.043717624695094555	0.005054312462607511	0.16132454669310353	0.009150570951369362	0.011074026869500198	6.8116395053865585E-6	0.007262582358550655	1.0021207196467838E-5	0.13042663757858766	0.009708091544780086	1.4898463121849236E-6	0.14105783539670538	0.08206231731936213	0.015067785329424366	0.025891717307608326	4.2384856452433675E-6	0.04393318045675294	0.07070743914463448
60	file:/C:/mallet/hist-data/texts/neh-bragg1915-bragg1915.txt	0.07116328557264645	0.03394716293390643	0.03649559065368313	0.0010413579209323557	0.05901363782475843	1.8993842157376515E-5	0.005911704433130972	2.905542814669313E-5	5.7315818079885446E-5	4.274601810765843E-5	0.3901744350538946	0.0018191545509891073	6.355022522708827E-6	0.14566820481517234	0.08186123587081962	0.055024887004561096	4.943995304234648E-5	1.8079496869846486E-5	4.2468961172723854E-4	0.11723266817485173
61	file:/C:/mallet/hist-data/texts/neh-branham-branham.txt	5.751617140342221E-5	0.03315526031453292	0.4528631317732107	0.08872423533540344	0.025062984689571355	1.5083796931256445E-5	1.0479468054957123E-4	0.16663770441950018	0.006930418944133468	0.13658450427460078	0.014261887060414157	0.0016741627285569735	5.046786660216259E-6	0.002768762076763557	0.01612659398266297	0.04828747705221942	2.687590508528232E-4	1.4357677459067507E-5	0.0037797146539135227	0.002677604530660209
62	file:/C:/mallet/hist-data/texts/neh-brinch-brinch.txt	0.0010175117408827684	0.14219337141774857	0.09262795508080018	0.1478436404091893	1.488417071412982E-5	0.03563390798977496	0.05979543556566462	0.03856384448579116	1.4161248518483462E-5	0.00636527113787944	1.02948139335095E-5	0.0057331570121446854	4.299775568982865E-4	0.11296135506989011	9.063549441212177E-5	0.05722137217556523	0.1788009019470631	0.0013610903944744714	0.018098040396021666	0.10122319189263324
63	file:/C:/mallet/hist-data/texts/neh-brown47-brown47.txt	0.02823071239367452	0.010921399030604661	0.3633380705196687	0.19294148153656987	0.006655302310805386	9.265783211109542E-6	0.03291199283230437	1.4174135811098816E-5	0.03611804803885545	2.0852828703217627E-5	2.03264138272142E-5	4.157838274693708E-5	3.1001763892341265E-6	0.1048959093361575	1.7895365363120358E-4	0.0018899282932945433	4.470490512377556E-4	8.819737321912626E-6	0.21491500262482743	0.006438032920357934
64	file:/C:/mallet/hist-data/texts/neh-brown52-brown52.txt	0.09793448146257673	0.04305527447207873	0.08752753583886567	0.022828443993125426	0.004997920500905234	2.562163442131634E-6	0.02122442608414809	3.919415312400499E-6	0.0030483874398519704	4.474896696924738E-5	0.0053852425340766615	0.09957348508767322	8.572571176855937E-7	0.1711368629562326	0.014122263076484521	5.480753346828357E-5	0.3855072557709517	2.4388233590781926E-6	0.02017239622838276	0.02337669039497788
65	file:/C:/mallet/hist-data/texts/neh-brown55-brown55.txt	0.07450134569167552	0.0692242707892638	0.09454355652897846	0.020575978128841654	0.0062252292276450925	5.498623322525146E-4	0.030172888015925766	5.509841362814699E-4	6.390355925314221E-6	3.698618696892846E-5	0.007060885342934965	0.12412199352452588	7.085453404310695E-7	0.16023349460762248	0.012316823791840627	1.4196067258735138E-4	0.36077590666911563	2.015751040801585E-6	0.02057166400745942	0.018387055693773923
66	file:/C:/mallet/hist-data/texts/neh-brown80-brown80.txt	0.040961325887129627	0.028235310337633022	0.18235812533057894	0.08839061790624464	0.011620060760871822	0.004608634192789797	0.03926620765629642	0.015525254353375127	0.015799986000725134	0.03321602260526711	0.014946343921488154	0.040963041046683066	8.511848953584885E-7	0.11120667351360221	0.08891957932853513	0.014762942571783646	0.014095838949175554	0.21470815446552552	0.022893800159782166	0.017521229827617595
67	file:/C:/mallet/hist-data/texts/neh-brownbox-brownbox.txt	0.03395030345804618	0.0661672745545902	0.16390380682674235	0.11898917058318022	1.607342696977338E-4	8.742004404232349E-6	0.046879453395463976	6.784115087508075E-4	0.020908592304569654	0.00161576672408886	0.030078922680977123	3.9228028199362236E-5	2.9249287438634717E-6	0.128893061348025	4.3485315601755046E-4	0.05139497438517179	2.275496888202691E-5	8.321172722872275E-6	0.2013031417897581	0.1345595619119681
68	file:/C:/mallet/hist-data/texts/neh-browne-browne.txt	0.019805861919240126	0.07186404776503749	0.10175262217633846	0.040489487822957394	3.9689414952876665E-6	2.029089193759806E-5	0.1450326406378827	5.921390811363985E-4	0.0013746208809946032	2.8162601428554864E-6	2.7451656522712952E-6	0.23740926386932457	4.186915513996676E-7	0.11292456096523636	0.007811327961559856	0.008118560151769792	4.133630018783983E-5	0.18017207301800506	0.02702600505856922	0.0455552124409807
69	file:/C:/mallet/hist-data/texts/neh-brownhal-brownhal.txt	0.04520433060183987	0.04402831196006657	0.058278867333003054	0.0029758575957598626	0.2932858975311943	0.0019319252064700753	0.018410321616345652	0.0027734402843638995	6.173540579236212E-6	0.006603546547976424	0.012330814230594294	0.12308568027651816	6.84505442654958E-7	0.11878296953772695	0.15810285734395652	0.03512398936248408	0.0067599029904043045	0.002056335067409578	0.03176424484220814	0.03849384962565643
70	file:/C:/mallet/hist-data/texts/neh-brownj-brownj.txt	0.12019739502902885	0.01657394057955743	0.20293010697644137	0.06930012495796331	0.01048056484523242	6.874078276311368E-6	0.03069193236838974	0.010260102921104816	0.025330948950900743	1.5470249359661584E-5	1.5079713882949414E-5	0.04594481432639783	2.2999518426479387E-6	0.14214133039562837	0.018853946963250913	0.0012975080975374269	0.14340752946465915	6.5431667616225475E-6	0.13925524369503703	0.023288243268747417
71	file:/C:/mallet/hist-data/texts/neh-brownrw-brownrw.txt	4.744776863130171E-4	0.09496841425478646	0.05107937739326276	0.0037111819683217067	4.394736139677019E-5	1.3856324197475901E-5	0.03846568908815444	2.119641875304785E-5	0.0027824858634975247	3.118393214723341E-5	0.0021386067309738157	0.016295394650181805	4.636094773627275E-6	0.16445397794236857	0.010176199617460404	0.17359126546771583	0.00783644432498192	0.013716554392129697	0.04669043847684259	0.3735046720117413
72	file:/C:/mallet/hist-data/texts/neh-brownsn-brownsn.txt	0.03919685722278331	0.06247535300917448	0.05414729880327684	0.004234977480640687	0.09136113026704859	9.095247963653076E-6	0.021235673104983307	1.3913263124683155E-5	2.7445820248313152E-5	2.0469035749934764E-5	0.07031813404420272	0.02494961769099226	3.043118142170582E-6	0.12676706359319798	0.41947386999378067	0.06495744933175027	2.3674442932909745E-5	8.657411477197198E-6	3.4174591107157416E-4	0.020434531207458476
73	file:/C:/mallet/hist-data/texts/neh-brownww-brown.txt	0.09552549932294732	0.08315213297022739	0.05660858496238207	0.026026572256687166	0.09568010635690072	0.12274367676808384	0.03621927754569897	3.135345501901863E-6	0.011669134227798143	0.014349416672057845	0.005212283775427685	0.04023701709340999	6.857648484979522E-7	0.1658404190489226	0.04956034299686037	0.004347284611502979	0.10141686233920096	0.0010934034197662044	0.048069736880013064	0.04224442764176227
74	file:/C:/mallet/hist-data/texts/neh-bruceje-bruceje.txt	0.04189605566419939	0.03270333243638179	0.03185353732158101	0.016976514117664217	0.3144569158649513	4.727230285738292E-5	0.008240041795601378	7.231380505433873E-5	0.09364358260442492	0.006579528818283934	0.0022614154380941006	2.1212517676614547E-4	1.581652342216135E-5	0.09858198615645371	0.19942266289395047	2.9196932677519213E-4	0.09218550507071345	4.4996659678387986E-5	0.011845546360017526	0.04866888166312932
75	file:/C:/mallet/hist-data/texts/neh-bruner-bruner.txt	4.562210922746167E-5	8.545223212469058E-5	0.48991649542211513	0.2069049509275551	0.03699164839590394	1.1964541699687743E-5	0.005180185875199221	0.035879775985537	3.6104201024024147E-5	0.18443135606396469	0.0036670054283516568	0.015344875193503596	1.8604107238122343E-4	0.014574775336557468	0.001323303438466915	0.0033505798100397733	3.1143060730134114E-5	1.1388580173319187E-5	0.0017238226447617308	3.035096806832868E-4
76	file:/C:/mallet/hist-data/texts/neh-campbell-campbell.txt	0.013964035698016596	0.01639920779883565	0.47052134163600506	0.1436635580990397	0.0025864595917341124	2.4923075270915623E-6	0.016247043039493612	0.004516283583195154	0.0036099136250626086	0.007817113456958884	0.03405755969158947	0.004334055146087562	8.338844946140851E-7	0.08843170980988356	1.0214974274593011E-5	0.08992353456126131	1.202471167297665E-4	2.372330240579956E-6	0.07456837818700786	0.029223645462562228
77	file:/C:/mallet/hist-data/texts/neh-capehart-capehart.txt	0.0015282003114715508	0.0017955656545463443	0.19830858021792594	0.1522598925487233	0.003920592920489814	8.031368129401987E-5	0.009111667384912875	0.008676546231420184	0.021015597036913865	0.0759419847829606	1.761846877673448E-4	3.603918745535176E-4	2.6871617089169925E-5	0.03184965066355891	3.2917373935537417E-4	0.017603419926458315	2.0905220749621988E-4	0.47541711344177795	5.73804778029287E-4	8.153962932554282E-4
78	file:/C:/mallet/hist-data/texts/neh-captain-captain.txt	9.388716709634603E-5	0.042882713734283644	0.09189013744882969	0.0725280371791218	7.809292897329065E-5	0.0030215947600929285	0.05111959620808417	3.766529710908978E-5	0.19150592192253865	5.54127601949906E-5	0.01990895708186254	1.1048731015068724E-4	0.007500669566514924	0.12102692789076379	1.0091659552168369E-4	0.03911271807154687	0.05138724528584585	2.3436915737313937E-5	0.10881616959464951	0.19879941228108222
79	file:/C:/mallet/hist-data/texts/neh-carolinatwin-carolinatwin.txt	4.187194615243616E-5	0.06573863401899781	0.04616061151742163	0.011294804106963196	0.08474150598745406	0.0018487985206083713	0.015781276504384687	0.1829631735481496	0.047983464976267695	5.259360164005352E-4	0.0015277580457349863	0.19485792722740006	3.6740759011444715E-6	0.14787154460698027	0.03162205257934349	0.002741011631363161	0.06786075519414321	0.002516567165616749	0.006260204287634022	0.08765842804308291
80	file:/C:/mallet/hist-data/texts/neh-charlton-charlton.txt	0.06016060809669221	0.15642747974468296	0.18467000256018273	0.18428963150319533	1.1585126044681147E-4	3.652716732966846E-5	0.015259103999096288	5.587666133875097E-5	1.1022438010667265E-4	6.379581323491262E-4	8.012990398788234E-5	0.01183472188045883	1.222138044253705E-5	0.08562180779201305	0.04183118667775914	0.0291247607918119	9.507825865802485E-5	3.476878463711078E-5	0.21089136405073364	0.018710696974077397
81	file:/C:/mallet/hist-data/texts/neh-chesnutt-chesnutt.txt	0.48952606120366804	0.022958844225235673	0.022074772164014277	6.520966677738272E-5	0.07209665778424368	0.0016279596657222926	0.021876890288702527	0.0013075503513547623	0.007153204564202552	1.5983452468671555E-5	1.5579961543332293E-5	0.005758899359879884	2.3762494128278903E-6	0.20358667734035518	0.0978208475810721	0.002421122748732376	1.8486426911519078E-5	6.760226839114979E-6	0.007290571781757396	0.044375544957106404
82	file:/C:/mallet/hist-data/texts/neh-clarke-clarke.txt	0.020804094105310443	0.06293570767286757	0.30560997364537984	0.17317047101939192	0.0022162097728775075	6.016970735315381E-6	0.07511027692987475	1.007512532112224E-4	0.012834725546886715	0.006696466438485183	2.8784022966796323E-4	0.015498429377436175	2.0131779670791305E-6	0.07058857922762882	2.4661162639086948E-5	0.011205886979113552	1.566185230699285E-5	8.296495954387646E-4	0.21115018498910373	0.030912400053677385
83	file:/C:/mallet/hist-data/texts/neh-clarkes-clarkes.txt	0.011420693087726653	0.035776370471349364	0.33646419273523515	0.1609199232965998	1.5236655492963002E-5	4.8040207986471615E-6	0.06135768671793263	7.348849167734241E-6	0.02303852271166175	0.0065160125686478144	3.029071996064337E-4	0.013324327734715665	1.6073451659756872E-6	0.07514344047337777	1.9689764741856308E-5	0.01355171828992507	1.586889013263643E-4	0.006217405199138018	0.2258159626048606	0.029943461372529744
