0	file:/C:/mallet/hist-data/texts/church-hatcher-hatcher.txt	0.021645365412940817	0.09981612754681797	0.0644608346775149	0.10783317241270567	0.0024192320100232868	0.5630436550571417	0.023207153422817362	0.10902695045227949	0.00730693431464406	0.0012405746931147715
1	file:/C:/mallet/hist-data/texts/fpn-ball-ball.txt	0.6546741869387811	0.33889280363185986	4.139930402039674E-6	2.2290170122151275E-4	0.005365250943429407	2.458231179700137E-6	3.3083140029587984E-5	1.4990326615321354E-4	6.505986575466011E-4	4.673559397097854E-6
2	file:/C:/mallet/hist-data/texts/fpn-brownw-brown.txt	0.4278696102229979	0.20070451079716964	8.384970838637296E-5	0.0028566670534146106	8.302424438272612E-5	6.689310636681025E-6	0.033406162712949675	0.04628111493074824	0.27519499645805684	0.013513374561257348
3	file:/C:/mallet/hist-data/texts/fpn-bruce-bruce.txt	0.3307613160393898	0.10189602211998655	8.45207906021733E-6	0.4102985653486529	7.832766327415952E-6	5.018723085025853E-6	0.06165842565420753	0.002484322975795249	0.08176127184696129	0.01111877244653398
4	file:/C:/mallet/hist-data/texts/fpn-burton-burton.txt	0.32084530146138623	0.08784545989448488	0.07203185785929349	0.17871910513371198	0.005896836516048328	0.025171656629013786	0.03604043700779779	0.21446171483465012	0.003975683438003651	0.05501194722560975
5	file:/C:/mallet/hist-data/texts/fpn-burtont-burton.txt	0.16943777859640405	0.08290148072358286	0.011290939055731235	0.32077823231625824	0.0026460178777010673	1.4224081438984696E-5	0.22028347567934103	0.129743163943685	0.0037645638723717693	0.059140123853485806
6	file:/C:/mallet/hist-data/texts/fpn-ferebee-ferebee.txt	0.21169301393461182	0.0648354806851597	5.746029834694678E-5	0.0719544180158414	4.2346851603471814E-4	0.0011447746900851666	0.433614858873777	0.11388658337327397	0.0653032217714968	0.03708671984137244
7	file:/C:/mallet/hist-data/texts/fpn-grandy-grandy.txt	0.6539293328294293	0.14620899687194688	2.468860712631915E-4	7.62129789631448E-5	0.014349710027715944	1.9695925654735537E-5	5.13539128019989E-5	0.03646419628777208	0.14754758955671127	0.0011060255377414742
8	file:/C:/mallet/hist-data/texts/fpn-hortonlife-horton.txt	0.066131434371164	0.4275904477856656	0.3373044359098594	0.06216309857378177	1.0475067889460153E-4	6.711736675973348E-5	0.016925326454401167	0.06599621530711867	0.002469590945831452	0.021247582606523593
9	file:/C:/mallet/hist-data/texts/fpn-hortonpoem-hortonpoem.txt	0.06554031370691828	0.3421515445748958	0.4805134542907551	0.01203245036903838	0.007853653361900016	0.008459958694147944	3.440192774735167E-4	0.05169139120189081	6.742845712986564E-4	0.030738929951681416
10	file:/C:/mallet/hist-data/texts/fpn-hughes-hughes.txt	0.6075026353954336	0.14558001377572893	0.0051777918232088485	0.09575748030255836	8.849626462278457E-6	0.014218337091418272	1.4784278867517827E-5	0.024095077984763034	8.558446663682065E-5	0.1075594452549224
11	file:/C:/mallet/hist-data/texts/fpn-jackson-jackson.txt	0.5766131469916788	0.1200390651585303	0.004857037107739314	0.005027882376902203	0.004997624764036543	0.021201632957847383	3.417047823708598E-5	0.13390294547225481	0.11808565626061608	0.015240838432157573
12	file:/C:/mallet/hist-data/texts/fpn-jacobs-jacobs.txt	0.27684082100381835	0.4105420079155153	5.266393058452792E-6	0.006968065574954129	4.880506431766086E-6	0.11431847867826167	8.153425278400616E-6	0.1420245203949015	0.04928186088687642	5.9452209039593135E-6
13	file:/C:/mallet/hist-data/texts/fpn-jones-jones.txt	0.22114680031191042	0.30491953386808096	2.4243022856923868E-5	5.570176988908727E-5	1.786652211833287E-4	1.4395158587137578E-5	3.753302748058809E-5	0.45400986302790614	0.019585896690647205	2.736790145824988E-5
14	file:/C:/mallet/hist-data/texts/fpn-lane-lane.txt	1.2754635078713345E-4	0.0542612156453422	1.0963920464091725E-5	0.2168927183686939	1.016055652292918E-5	6.5102184141317806E-6	0.5887381377816362	0.13525044983619208	0.00468992017341162	1.237714853581693E-5
15	file:/C:/mallet/hist-data/texts/fpn-mason-mason.txt	0.5304980968751528	0.29620615799195005	2.051337995993262E-5	0.0486850887467468	1.9010294469195118E-5	1.218055023188263E-5	0.002014284192542076	0.059689859994937956	0.020405607005327963	0.042449200968681315
16	file:/C:/mallet/hist-data/texts/fpn-northup-northup.txt	0.30949914596674033	0.38268785512165704	0.008276367833722424	0.010504798790898358	4.439304087095382E-6	0.01592871756498557	2.2346501477343318E-4	0.003599367379126104	0.046246482966100205	0.22302936005790946
17	file:/C:/mallet/hist-data/texts/fpn-robinson-robinson.txt	0.3834679182259317	0.0962043069957443	0.03729230432661049	0.09621734278134421	0.005984926647051912	0.018333913414323555	0.041850853654429275	0.2751929839729273	0.009698882750975052	0.035756567230662166
18	file:/C:/mallet/hist-data/texts/fpn-roper-roper.txt	0.6088535227943523	0.2154399090257677	2.4476235182199616E-5	5.6237608152924027E-5	4.957862635465855E-4	1.4533636714499519E-5	0.030789620664085443	0.06254741742777788	0.08175086517002068	2.7631174399692215E-5
19	file:/C:/mallet/hist-data/texts/fpn-steward-steward.txt	0.20151095411451947	0.47446882692617137	4.4759394079690293E-4	0.06742606701229546	0.032858191493707965	2.9141197779858483E-6	0.018632040789699055	0.05706288577949238	0.1348419457936447	0.012748580029894686
20	file:/C:/mallet/hist-data/texts/fpn-veney-veney.txt	0.3988008778169516	0.19958011055477756	0.02036515117896184	0.05338395561397304	3.565446229341869E-5	0.09669850693111195	3.0745103152992763E-4	0.2044119836635468	0.01844051402869224	0.007975794718161644
21	file:/C:/mallet/hist-data/texts/fpn-washeducation-washing.txt	0.031007897431765935	0.08058332791415297	5.972439836008535E-6	0.8302330960742801	8.249605847429252E-5	3.546348947442681E-6	0.04726344771839572	1.0081497358790952E-4	0.004825123925738518	0.005894277114821077
22	file:/C:/mallet/hist-data/texts/fpn-washington-washing.txt	0.10931266475374846	0.10695804165021124	5.830640115827122E-6	0.7240421829993675	4.2970408933023E-5	9.80204143943869E-4	0.035923078757968435	0.01888192126736892	3.9035920256163127E-4	0.0034627461757810347
23	file:/C:/mallet/hist-data/texts/fpn-williams-williams.txt	0.503102117418676	0.30204506644882834	0.002923641015851038	3.986188593084299E-5	1.6077822804553243E-5	1.0301614665017886E-5	0.012210929957568476	0.040310257264029384	0.13865147850430656	6.902680673398071E-4
24	file:/C:/mallet/hist-data/texts/nc-jones85-jones85.txt	0.21889989085361178	0.2507801616037891	1.2612147011358577E-5	0.003848220017321889	1.1688011875323022E-5	1.7000984049507026E-4	0.012046074849722284	0.4829000521049306	0.03131705274295614	1.4237828286551381E-5
25	file:/C:/mallet/hist-data/texts/nc-omarsaid-omarsaid.txt	0.06827725766356142	0.07023588059954139	0.00421860465169282	0.09100639002108428	0.2323814171248496	5.4335800059564166E-5	0.19824233812159792	0.28395601507153956	0.05152445837995821	1.0330256611511326E-4
26	file:/C:/mallet/hist-data/texts/neh-aaron-aaron.txt	0.21876950904832368	0.12152849334681975	0.04155710602960494	0.01184661108013017	0.04714998150812477	0.0023921995756304155	2.4892551447416706E-5	0.3445128871490824	0.21220016884636364	1.815086447288748E-5
27	file:/C:/mallet/hist-data/texts/neh-adams-adams.txt	0.10880246218316633	0.0978932432963652	0.015215220939062649	0.1738066470320367	4.2780885109179485E-5	0.0021094386862650217	0.019999447697073763	0.43741015032535596	0.1428839001398021	0.0018367088157630817
28	file:/C:/mallet/hist-data/texts/neh-adamsh-adamsh.txt	0.005234005116794806	0.35821516370068146	0.032515160181176575	0.09825675247890484	0.25925499413687025	2.7437272998189116E-6	0.03239860704028781	0.057418015560053354	0.15669934171676234	5.216341168818298E-6
29	file:/C:/mallet/hist-data/texts/neh-aga-aga.txt	0.30908823276894104	0.32816445453303345	0.0853346682246644	9.511211648722373E-4	0.19300739897420868	2.6114068300091488E-5	6.808817264528554E-5	0.010943245843346817	0.0020943011229805496	0.07032237512700744
30	file:/C:/mallet/hist-data/texts/neh-albert-albert.txt	0.3139176772359096	0.04903357513058189	0.0015696902904808498	0.11009379111938056	0.0010499499565386767	0.1164689308521395	0.04463388364091007	0.3306747696204793	0.031591528755377137	9.662033982025332E-4
31	file:/C:/mallet/hist-data/texts/neh-aleckson-aleckson.txt	0.30043250452011383	0.20400091652372654	0.005972627686981112	0.14623991934223463	1.3602465347587344E-5	0.21194149834240428	0.016383443484315342	0.03486061533997072	0.0033469504603457776	0.07680792183456021
32	file:/C:/mallet/hist-data/texts/neh-alexander-alexander.txt	0.07511329051606111	0.17768056010203173	0.005846472399348458	0.30307530008497957	0.025532271304335632	0.0035280134710093925	0.2227974847166098	0.0068431593383311085	0.11431579801304369	0.06526765005424959
33	file:/C:/mallet/hist-data/texts/neh-allen-allen.txt	0.03449247829220416	0.37444814790247005	1.94102490268333E-5	4.4597789275843515E-5	0.047541111743720915	1.1525526936394276E-5	0.12559114631272864	0.3750099581315568	0.042694651007646946	1.4697304443343553E-4
34	file:/C:/mallet/hist-data/texts/neh-allinson-allinson.txt	0.04009141920181369	0.47028310002126944	0.011805206110613623	5.140407425467294E-4	5.450097664506963E-5	0.04171568033097997	0.005395873862813281	0.35717375531240153	0.06456388078320449	0.008402542657712156
35	file:/C:/mallet/hist-data/texts/neh-anderson-anderson.txt	0.08584914978021783	0.2717832906897471	1.247532481351384E-4	0.03404578236402329	1.1561215107748329E-4	0.00730817900430299	0.006623456045087952	0.5768150785137766	0.017193864503902468	1.4083369972915527E-4
36	file:/C:/mallet/hist-data/texts/neh-andersonr-andersonr.txt	0.15950340273983157	0.027543604679840503	4.856847679370274E-5	0.004891994259596538	6.0472263940046054E-6	3.874666169695487E-6	0.15266865245493239	0.6499285309050444	3.9482745987963784E-4	0.0050104971315174645
37	file:/C:/mallet/hist-data/texts/neh-andersonw-andersonw.txt	0.37937297643930457	0.19599161666066536	0.010010776430312555	0.04564515279259484	0.024867575756417907	0.0030859264786756257	0.044477458048671016	0.159293299145922	0.12070937019597261	0.016545848051463526
38	file:/C:/mallet/hist-data/texts/neh-andersrob-andersrob.txt	0.12940638586262032	0.04437264711731818	9.20554251983369E-6	0.062535580922234	6.784262425215219E-5	0.025094274318613864	0.07830556838116977	0.6169960642640484	2.3191639103415977E-5	0.04318923932812
39	file:/C:/mallet/hist-data/texts/neh-armistead-armistead.txt	0.0013871012728086996	0.3963958627271919	0.06440535969710007	0.059784545120377404	0.3111872936292815	2.717121564600204E-5	0.013795488373465458	0.08202198837583115	0.07099291407823578	2.275510062112275E-6
40	file:/C:/mallet/hist-data/texts/neh-arter-arter.txt	0.03548567911980352	0.10112314548373065	0.0599178984993294	0.32029673352197674	9.43785536312683E-6	1.3727983013846754E-4	0.2912866808009352	0.18790024376262573	2.2250588157329853E-4	0.0036203952445238467
41	file:/C:/mallet/hist-data/texts/neh-arthur-arthur.txt	0.49756197100397703	0.23113099609667398	0.017519875650109904	3.8673230858887807E-4	0.015338597661741778	0.0022688890924553594	0.016527674530644004	0.06248718045239034	0.13164520493909954	0.025132878264319213
42	file:/C:/mallet/hist-data/texts/neh-auntjudy-auntjudy.txt	0.39238226968934165	0.29880780031958504	5.960062827600246E-5	0.0024409933276617083	0.0023592859507115486	0.2269845577262667	0.0016283086184562584	0.034798829968764974	0.017430546094725573	0.02310780767621053
43	file:/C:/mallet/hist-data/texts/neh-ballslavery-ball.txt	0.6208352849774436	0.3507918072748263	5.611399077395116E-4	0.002393447499473868	0.019133933436186558	1.7737583081760838E-6	3.510643951437261E-4	1.4665730886306207E-4	0.005762272549180264	2.2618892835046072E-5
44	file:/C:/mallet/hist-data/texts/neh-baquaqua-baquaqua.txt	0.2841148915831436	0.33098679075081955	0.03572355330913684	0.053020045909954884	0.1740233189514884	1.0683770433768919E-5	2.785618837469713E-5	0.10637705402033905	0.015695493661134912	2.0311855174364735E-5
45	file:/C:/mallet/hist-data/texts/neh-barber-barber.txt	0.17429678100457455	0.19648648783764222	2.4996283891115767E-4	0.0130312235637	0.3847254148074998	1.0688726888137641E-5	0.04746406800250698	0.01665716783634029	0.14571739364898695	0.02136081173295006
46	file:/C:/mallet/hist-data/texts/neh-barrett-barrett.txt	0.19580477161297757	0.38747207341470286	0.06289199555188228	0.012371413791066207	0.07248518817203622	0.013564879104598901	0.06336539572997132	0.08796267238535724	0.004533388648079263	0.0995482215893281
47	file:/C:/mallet/hist-data/texts/neh-bayley-bayley.txt	0.15060522576298652	0.3531505795276062	0.01769165487404112	8.177022056750186E-5	0.01906484452234127	2.113209858714053E-5	5.509849941509797E-5	0.43076671375621234	0.028522804647910904	4.017609033190127E-5
48	file:/C:/mallet/hist-data/texts/neh-beard63-beard63.txt	0.005928865249631601	0.3401867934964233	3.100339633486203E-6	0.0492469451495597	0.5994502601176106	1.8409371208126995E-6	2.4775530087020678E-5	0.004207255904106971	8.667609608749635E-4	8.340231495165641E-5
49	file:/C:/mallet/hist-data/texts/neh-beardj-beard.txt	0.001484633772680407	0.3403660605165841	1.2054824700676695E-4	0.04375934019445734	0.6062686788026461	1.8049188615792674E-6	8.076812329051471E-4	0.003126117389265787	0.004061703435675967	3.431489916892977E-6
50	file:/C:/mallet/hist-data/texts/neh-bethune-bethune.txt	0.06712517767249937	0.5347234984010552	0.13173194212962716	0.10440380452091476	2.48801411048017E-4	0.00707854556538314	0.105932381751074	0.018370098909658843	6.763683469975969E-4	0.029709381291742065
51	file:/C:/mallet/hist-data/texts/neh-bibb-bibb.txt	0.4661268145983458	0.2769051845473008	0.004845463086332915	0.010553341696932129	1.1522205513406828E-4	4.953177418460778E-6	0.007537325658342367	0.06415204781374276	0.16555805857119324	0.004201588795257486
52	file:/C:/mallet/hist-data/texts/neh-black-black.txt	0.3892443789542117	0.19665442478339895	6.062282265397091E-4	0.024009572668186284	3.2174384918499943E-4	2.5923085101726077E-5	0.005693299350149976	0.2648639807166811	0.11824987825382675	3.305701127188256E-4
53	file:/C:/mallet/hist-data/texts/neh-blair-blair.txt	0.2781049262767612	0.013901505027786934	4.578215920396844E-5	0.21307779670510976	9.273552684825365E-4	0.0035668956867236164	0.087088772821676	0.155045204290424	0.24494534338285534	0.0032964183809765903
54	file:/C:/mallet/hist-data/texts/neh-bleby-bleby.txt	0.2404160252158895	0.5654429008004054	1.4054068116102475E-4	0.046126615986809366	0.005030537581147659	6.009697137969137E-6	0.008623369063715323	0.08729119773084996	0.04691137767934665	1.1425563537231616E-5
55	file:/C:/mallet/hist-data/texts/neh-bluett-bluett.txt	0.16615077451514726	0.3655168055989846	0.051785596223069594	0.0024553888783711126	0.31412219861287666	3.075969567294991E-5	0.0017490329373997626	0.09466279229780639	0.003468171279164654	5.847996150700572E-5
56	file:/C:/mallet/hist-data/texts/neh-boen-boen.txt	0.0789040048739278	0.47299502114331127	9.434425875566637E-5	0.0075111259889331095	8.743133232681801E-5	5.602026507127115E-5	0.019597681638086457	0.3407801218432612	0.07925988054518227	7.1436811114413E-4
57	file:/C:/mallet/hist-data/texts/neh-boxbrown-boxbrown.txt	0.11774078296085554	0.44272262013810243	0.06276210652140846	0.031166321417843694	0.017900213865105208	8.910218909945995E-6	2.323194212697856E-5	0.10467066143213374	0.22134460485816027	0.0016605466453538296
58	file:/C:/mallet/hist-data/texts/neh-bradford-bradford.txt	0.24150265070992907	0.24309736136671478	1.516412380258005E-5	0.0964676356725978	0.007341772902063574	0.19805284755042932	0.014678916894569155	0.07421709046919238	0.10233317304816167	0.022293387262539772
59	file:/C:/mallet/hist-data/texts/neh-bragg-bragg.txt	0.005407940583641646	0.1727389745798761	0.014783060188226381	0.25163174028219876	0.03314632208797951	6.161207019583477E-4	0.2824564588666734	0.07370142822512414	0.1655060814092526	1.1873075069101153E-5
60	file:/C:/mallet/hist-data/texts/neh-bragg1915-bragg1915.txt	0.001390052238402021	0.16375759681628002	4.489488428318988E-5	0.15051791952605406	4.160528260339808E-5	2.6657937123675673E-5	0.49094231375327874	0.1462551884052398	0.046973089408988755	5.068174774627819E-5
61	file:/C:/mallet/hist-data/texts/neh-branham-branham.txt	0.5504700175927196	0.004852336619530954	0.0096817103635366	0.05910662896437774	0.0011813750772588414	2.1166072184386696E-5	0.05241953657682828	0.15953209940113586	8.98033723633256E-5	0.1626453259600644
62	file:/C:/mallet/hist-data/texts/neh-brinch-brinch.txt	0.2315941075477285	0.28882278132484496	0.11420818054949448	2.546821718086648E-5	0.2194058189270502	6.581820038757162E-6	3.742501277718283E-4	0.12095464239416276	0.01773954498313552	0.006868624108592176
63	file:/C:/mallet/hist-data/texts/neh-brown47-brown47.txt	0.5692164236702232	0.21990183132040894	3.03973737378461E-4	1.9133824650506174E-4	1.6132815338134042E-4	1.2998301164116821E-5	0.012727633839576214	0.045079696670748605	0.1377117387303445	0.014693037330269623
64	file:/C:/mallet/hist-data/texts/neh-brown52-brown52.txt	0.03001295712833738	0.255491448510725	0.013144909941271841	0.11604133297621953	0.06453027039647956	3.59308218953981E-6	4.835608717194139E-5	0.03304675977060015	0.10910286168253817	0.37857751042446686
65	file:/C:/mallet/hist-data/texts/neh-brown55-brown55.txt	0.0493281430586397	0.2665903706111238	0.03287312463801017	0.09529682521243221	0.053399223424261	2.969710695391332E-6	0.003423449969403802	0.04706650456206853	0.08227957913433384	0.3697398096790316
66	file:/C:/mallet/hist-data/texts/neh-brown80-brown80.txt	0.26203071484767093	0.13870829597801837	0.008135426329564469	0.1585374569043996	0.007864005480845447	0.2635515586160069	0.020758673801504323	0.04934246638694885	0.05854694671017063	0.03252445494487043
67	file:/C:/mallet/hist-data/texts/neh-brownbox-brownbox.txt	0.23150774493092935	0.3651481555763171	0.007605374565038733	0.008962827196880485	1.913930460442884E-5	1.226321146762428E-5	0.029838601030031366	0.16095843082491385	0.1957910833926473	1.5637996716978063E-4
68	file:/C:/mallet/hist-data/texts/neh-browne-browne.txt	0.10536747170871852	0.39762914186704806	0.029477942105288115	0.021617972307514784	2.7386971384414894E-6	0.3506550869205068	2.3615985380245688E-5	0.05416352318355591	0.03683213806255649	0.004230369162292711
69	file:/C:/mallet/hist-data/texts/neh-brownhal-brownhal.txt	0.030594971668106787	0.1980234203878136	0.013204052819898168	0.31635658692909296	0.006821999858667145	0.04436345908243173	0.24602975670336888	0.08727735637047326	0.028651991943432133	0.028676404236715334
70	file:/C:/mallet/hist-data/texts/neh-brownj-brownj.txt	0.2159219895980189	0.2499582294356558	1.62381975096813E-5	0.07902784302118675	0.0023167592782679883	9.642008329599245E-6	0.008394997814604871	0.048191537484973464	0.2129491681789999	0.18321359498245313
71	file:/C:/mallet/hist-data/texts/neh-brownrw-brownrw.txt	0.009663401326921875	0.5614066069927725	0.032099527415924034	0.028344634047594335	0.03547257917408606	0.014154143383800553	5.069304408378751E-5	0.30012398009036223	0.018014573697129617	6.698608273249526E-4
72	file:/C:/mallet/hist-data/texts/neh-brownsn-brownsn.txt	0.019770654449288896	0.14358468477540598	0.01718861427613136	0.5340300803832534	1.9913026585736844E-5	1.2758961781966091E-5	0.18554899187623194	0.09755079823381578	0.0022692468336299124	2.4257183875030766E-5
73	file:/C:/mallet/hist-data/texts/neh-brownww-brown.txt	0.06040416274704296	0.27794716042326306	0.021056416717679195	0.17556567360458306	0.2122979366199001	0.004306752025342964	0.05452327957770108	0.0233475980146672	0.10717251455071855	0.06337850571910182
74	file:/C:/mallet/hist-data/texts/neh-bruceje-bruceje.txt	0.004185371635479663	0.06569613620992884	1.118921568554202E-4	0.30304547304970375	0.08877743476088334	0.0036710635858857527	0.3988446049417706	0.0011678184252920164	0.13221111621680212	0.0022890890173985034
75	file:/C:/mallet/hist-data/texts/neh-bruner-bruner.txt	0.8471247003966992	0.010223405638772866	5.747076010339753E-4	0.019736701203635416	2.6198746109178125E-5	0.0014739528405277814	0.0361086363452257	0.029074092512960087	7.122147147250177E-5	0.055586383243563256
76	file:/C:/mallet/hist-data/texts/neh-campbell-campbell.txt	0.5150845819131566	0.15549571068195026	1.9550915669416788E-4	0.007560520211938811	4.337944749204377E-5	3.4951067809085477E-6	0.026101239685081493	0.25684891960005723	0.03372980097092055	0.0049368432259278405
77	file:/C:/mallet/hist-data/texts/neh-capehart-capehart.txt	0.3138305083064324	0.01733218858434723	1.904122588453966E-4	0.005344828029866071	0.0014032923428488131	0.5460534114337421	2.947960980799882E-4	0.04001913219842943	0.01642852713633779	0.05910290361107084
78	file:/C:/mallet/hist-data/texts/neh-captain-captain.txt	0.09557212992613506	0.35937322175657427	5.821462297234291E-5	1.337563204111449E-4	0.06794318790655159	3.4567006545471335E-5	0.002715678504498878	0.12475862504669244	0.34934490053471395	6.57183749047708E-5
79	file:/C:/mallet/hist-data/texts/neh-carolinatwin-carolinatwin.txt	0.014343701065198722	0.3144590156439178	0.060874067279706304	0.0722749663396754	0.0050389991471735535	0.026594667990061233	0.07760480744672296	0.020163444436751277	0.03985067449199948	0.36879565615879323
80	file:/C:/mallet/hist-data/texts/neh-charlton-charlton.txt	0.35009352492072604	0.27232647845027513	0.031821709231876834	0.06756645556264534	8.008091919919189E-5	5.13106022898124E-5	6.905436130557217E-4	0.1178214026808851	0.15945094292235473	9.755109669203504E-5
81	file:/C:/mallet/hist-data/texts/neh-chesnutt-chesnutt.txt	0.0014923143020660798	0.1957741405923611	0.003259632088734883	0.4993301260724707	1.5547752645385904E-5	6.585329850879483E-4	0.02759024193536128	0.011308904477449696	0.2596868588575144	8.83700936308581E-4
82	file:/C:/mallet/hist-data/texts/neh-clarke-clarke.txt	0.48404336893224237	0.26823249037204927	0.02290776070140215	6.736754926564922E-4	1.047456669102947E-4	0.004037703830397944	0.003959694626797508	0.0853123378818817	0.12915541632593036	0.0015728061697320005
83	file:/C:/mallet/hist-data/texts/neh-clarkes-clarkes.txt	0.5289332335849325	0.23322872884707876	0.0028626187366343598	8.302763244469049E-4	1.0515630941271746E-5	0.00914542896755776	0.003234386840178846	0.0934061895484722	0.11619962986729135	0.012148991652466029
84	file:/C:/mallet/hist-data/texts/neh-clement-clement.txt	0.41433277808576635	0.024651322712525386	1.505722456371883E-4	0.08659375798412706	1.8747642877278964E-5	0.013046240692552247	0.05646952912059033	0.10161743730620364	0.010999717479174394	0.2921198967305461
85	file:/C:/mallet/hist-data/texts/neh-cox-cox.txt	0.19348853871740998	0.30564370914063216	4.315956654220174E-5	0.045982111143775165	0.05954878761249177	3.037059906433736E-4	0.04539360862627897	1.7237792964657666E-4	0.3207331971152088	0.028690804157371044
86	file:/C:/mallet/hist-data/texts/neh-craft-craft.txt	0.2258002502390155	0.3110852721573518	1.6769814664343954E-5	0.0170021375704417	1.55410330031274E-5	0.026589876221613414	1.3401146225487014E-4	0.1484174990980525	0.2132218390252375	0.057716803378365315
87	file:/C:/mallet/hist-data/texts/neh-cugoano-cugoano.txt	0.31576798099621584	0.41143958854777785	1.8719702795426456E-4	0.004048460836636077	0.1955643382928717	1.1115490507706397E-4	2.8981828033401225E-4	0.05140454801530336	0.020975586736238547	2.1132636159134605E-4
88	file:/C:/mallet/hist-data/texts/neh-curry-curry.txt	0.7065708893979183	0.18863486438858482	0.004157569900295018	1.3290884875438795E-4	4.2630941363636104E-4	4.0705018502577096E-4	8.955678576542104E-5	0.05762717189332581	0.04188837719929075	6.530198740331499E-5
89	file:/C:/mallet/hist-data/texts/neh-davisn-davis.txt	0.0662133730830421	0.22104640641188866	4.067879877280578E-4	0.06858234147153361	2.1589481855852291E-4	1.7394768442943185E-5	0.20294799928531831	0.4259294371579522	0.012908574471267666	0.0017317905442679289
90	file:/C:/mallet/hist-data/texts/neh-delaney-delaney.txt	0.20624706318894945	0.35239833989396563	0.0011807557996826455	0.07881447755193835	4.087227640291366E-5	0.05827959702973403	0.061163320104302615	0.11725129310223951	0.05268126092868709	0.07194302012409776
91	file:/C:/mallet/hist-data/texts/neh-detroit-detroit.txt	0.3054750023291135	0.20758799717418827	3.173886043187384E-5	0.05303699676876881	0.002278852607704397	1.8846079219917168E-5	4.913807687360429E-5	0.053295330734938105	0.1696058902178513	0.20862020715091023
92	file:/C:/mallet/hist-data/texts/neh-doug1906-doug1906.txt	0.0031562888786851604	0.2060555421821824	4.381502550184497E-6	0.5373711687852525	0.0076262037408931435	2.6016732497465726E-6	0.011863450772345312	0.003828571224186889	0.2300868449709284	4.9462697263543825E-6
93	file:/C:/mallet/hist-data/texts/neh-dougl92-dougl92.txt	0.051808422016548075	0.28990003002912057	5.081491737296798E-4	0.3823829708171971	0.0016333602502457175	1.037105168816567E-6	2.704082526484509E-6	0.01775357276862302	0.25599652863447525	1.3225122365321468E-5
94	file:/C:/mallet/hist-data/texts/neh-douglass-douglass.txt	0.2524128984756714	0.3597982845673453	1.4534602304161817E-4	0.05094086453049802	9.700086834273454E-6	6.215179629644823E-6	1.6205066892745932E-5	0.06640226328701374	0.27025640655870736	1.1816224365977239E-5
95	file:/C:/mallet/hist-data/texts/neh-douglass1853-douglass1853.txt	0.2651773491536389	0.4642133321730794	0.003027482436934943	0.025502429358203644	0.015985793828912548	0.0897870268747551	3.797793490779249E-5	0.01590298436235306	0.07877075328177209	0.04159487059544251
96	file:/C:/mallet/hist-data/texts/neh-douglass55-douglass55.txt	0.1251196676664709	0.3609183880429929	0.015255868551404494	0.1548562187524557	2.7355198812275862E-6	0.002150854477300577	4.569988229909464E-6	0.03842936027830787	0.30322096723262165	4.13694903347973E-5
97	file:/C:/mallet/hist-data/texts/neh-douglasslife-douglass.txt	0.07178355192408872	0.2922378872421372	2.135649695481674E-6	0.3565417938642534	4.325934012667501E-5	1.2681180987399224E-6	5.834664676775681E-5	0.016919642140289612	0.26240970414374565	2.410930796882488E-6
98	file:/C:/mallet/hist-data/texts/neh-drew-drew.txt	0.6671478799744762	0.07523364214936444	0.0015665006013040534	0.0602081095407875	3.5676541822052655E-6	0.0031275876462425883	0.03716232514143559	0.050243439204568995	0.0968196402948867	0.008487307792751812
99	file:/C:/mallet/hist-data/texts/neh-drumgoold-drumgoold.txt	0.09102090530489253	0.017786434791311662	0.006686942967489155	0.09808789294799466	1.8144264717752473E-4	1.4618937380714113E-5	0.029859943599169148	0.7559547467769601	3.792786806296071E-4	2.7793346994954207E-5
100	file:/C:/mallet/hist-data/texts/neh-dsmith-dsmith.txt	0.0244078508200487	0.08987586080733967	1.4145544703144109E-5	0.15870758006640098	2.865296358691368E-4	8.399421165626089E-6	0.5324629165724473	0.17987610066387577	0.014253507395653238	1.0710907249650729E-4
101	file:/C:/mallet/hist-data/texts/neh-early-early.txt	0.006578034520981781	0.20126093368198808	1.7989875791149285E-4	0.14393498786329154	1.789494754170008E-4	7.692698239495413E-6	0.4267274184735756	0.2137393105706175	0.00737814869309476	1.4625264882783516E-5
102	file:/C:/mallet/hist-data/texts/neh-edwardsc-edwards.txt	0.11317601297534523	0.2550005516556071	0.028467013174734216	0.12319599207909993	0.07690547449454653	0.002003021076203748	0.0375978104355026	0.15588093491809296	0.1964774769412775	0.011295712249590178
103	file:/C:/mallet/hist-data/texts/neh-edwardsj-edwardsj.txt	0.284806493195713	0.33507595402643614	0.006769509897771937	0.04377135917959006	0.007435090444098649	0.037664823016424646	0.006745140801591682	0.04870590933448624	0.2289944179282347	3.1302175653044443E-5
104	file:/C:/mallet/hist-data/texts/neh-eldridge-eldridge.txt	0.08009664535655506	0.5305345637906301	0.1613552878478605	0.019875961500525084	0.012799477591590109	0.01896518879034982	6.877029572454852E-4	0.12625152458494973	0.025720547933010315	0.023713099647283898
105	file:/C:/mallet/hist-data/texts/neh-eliot-eliot.txt	0.20224024611382604	0.2219853387253087	1.8315372760676808E-5	0.15817083149852906	1.6973342773039775E-5	0.15011518075082692	0.04805701329405991	0.04373556687668697	0.14283404267443298	0.03282649135079582
106	file:/C:/mallet/hist-data/texts/neh-eliza1-eliza1.txt	0.04645548411367745	0.29918667883356836	1.047908062262592E-4	2.4077168137635744E-4	9.71124255445272E-5	6.222327483679204E-5	0.002187748532165222	0.6398049929286712	0.01174189926613732	1.1829813779644808E-4
107	file:/C:/mallet/hist-data/texts/neh-eliza2-eliza2.txt	0.02682087742477576	0.33105286636197323	0.0015728003817423349	0.0011747171403938424	7.169802140697613E-5	5.444171971634023E-4	6.182572733483233E-4	0.6209138698116942	0.013653812329797189	0.0035766840577047447
108	file:/C:/mallet/hist-data/texts/neh-equiano1-equiano1.txt	0.304365374923387	0.35525745588060686	0.0029456285491601584	1.6466990644017042E-4	0.2896452194189821	6.439707877931135E-6	1.6790487668910798E-5	0.044903575452834174	0.0026826025782858936	1.2243094756914357E-5
109	file:/C:/mallet/hist-data/texts/neh-equiano2-equiano2.txt	0.19973725579939838	0.3447965829296217	0.005679014437364079	8.25208553255679E-4	0.24532171879528225	6.696601646470601E-6	9.012358635023948E-5	0.1986338150336484	0.004896852765349242	1.2731498083634815E-5
110	file:/C:/mallet/hist-data/texts/neh-fedric-fedric.txt	0.4860207565929217	0.19151358047787256	0.005596991720472612	3.17586773827565E-4	0.004649762010622442	0.1513933110465842	2.27351718002566E-5	0.12097709342345819	0.03949160501125518	1.6577771185327654E-5
111	file:/C:/mallet/hist-data/texts/neh-ferrill-ferrill.txt	0.14705629470414006	0.18854412501287948	9.028315397819566E-5	2.0743830080241884E-4	0.005318942897732437	5.360883941467336E-5	0.254923164461253	0.38893433983565223	0.014769882316820944	1.0192047732651357E-4
112	file:/C:/mallet/hist-data/texts/neh-fields-fields.txt	0.2885259222116201	0.15508499783692467	0.16584280133977175	0.07698643087303728	4.6849804189772925E-5	3.0018282684263733E-5	0.0473078863474374	0.20638362553946837	0.03823677788048369	0.021554689884382663
113	file:/C:/mallet/hist-data/texts/neh-fjones-jones.txt	0.600153205600378	0.01758938450777377	0.0014595271029946783	0.008028240863492362	4.072184507742513E-5	0.0011585602938216308	0.003465435558485572	0.3376510861813658	0.012850972178215769	0.017602865868395004
114	file:/C:/mallet/hist-data/texts/neh-fleming-fleming.txt	0.033152777858190714	0.07189609759707719	3.487829066763475E-4	0.6595065816311305	0.04593565877963563	0.014822031379518152	0.12416272925236353	7.910038085648865E-4	0.04933143625431564	5.29005325274448E-5
115	file:/C:/mallet/hist-data/texts/neh-flipper-flipper.txt	0.011013986204812413	0.23505903970649664	0.0017836546883986334	0.2907947710408818	0.006087846307718317	6.339739800245787E-4	0.04029718379821765	0.0012517506569916308	0.020644210318931024	0.3924335832975274
116	file:/C:/mallet/hist-data/texts/neh-floyd-floyd.txt	0.012198283999088854	0.09348271194735633	0.02002373887937747	0.2983140989846116	0.011010880361823783	0.00456335705471597	0.36238938334834414	0.1699031515465757	0.01783542565152125	0.010278968226584832
117	file:/C:/mallet/hist-data/texts/neh-fortis-fortis.txt	0.44694310902791073	0.21772669754900834	2.722407107831082E-4	6.255114931821009E-4	2.522927030357053E-4	1.6165262181727622E-4	4.2148283815353257E-4	0.32383354379619206	0.004193970568890855	0.005569498691026326
118	file:/C:/mallet/hist-data/texts/neh-foster-foster.txt	0.02307013401018676	0.1915601694638175	0.007259617538488183	0.052070098241663976	7.937384481202546E-5	0.32232756703445176	0.0012362901396057043	0.39104740800229176	0.0057342151491417935	0.0056151265755405135
119	file:/C:/mallet/hist-data/texts/neh-franklin-franklin.txt	0.2051400949423352	0.2610968919389371	0.012596719818894144	0.05847907721554588	0.0067690001250839274	0.014206678303083817	0.2570346575234226	0.14015365039981492	0.01694862325360205	0.02757460647928034
120	file:/C:/mallet/hist-data/texts/neh-frederick-frederick.txt	0.3483775106392509	0.23031360855142746	0.0037934415865999594	0.04314192155704978	3.600251902910132E-5	0.13343625343601176	6.01461862292333E-5	0.18563202965646153	0.008357976505747003	0.04685110936219331
121	file:/C:/mallet/hist-data/texts/neh-gaines-gaines.txt	0.16920020567347452	0.3065024305360145	0.01212692718219732	0.11027015938196434	4.776773145637276E-6	3.0606430290191236E-6	0.009406505280720498	1.8663842130380812E-4	0.07334140808858498	0.3189578880195653
122	file:/C:/mallet/hist-data/texts/neh-gallaudet-gallaudet.txt	0.02608945529522333	0.2935652852482853	1.4057186798535027E-4	0.0021344017604728624	0.2935799933275208	8.346955511619925E-5	0.13426256782384294	0.02320416498415199	0.22678139882842008	1.586913089811496E-4
123	file:/C:/mallet/hist-data/texts/neh-garlick-garlick.txt	0.37334666975030173	0.09340977815190903	4.7931741559939224E-4	0.12047455332699204	8.895180177142555E-4	3.823869096528133E-5	0.12291580629223925	0.06498461088435788	0.05119730976677299	0.1722641977031481
124	file:/C:/mallet/hist-data/texts/neh-greena-greena.txt	0.012605537394509637	0.3567897413823542	0.03998240605665006	0.003732430828449612	7.694169738961242E-4	7.754839972827276E-6	0.10461368716245491	0.4799367518822703	2.0119420425645135E-4	0.0013610792751859644
125	file:/C:/mallet/hist-data/texts/neh-greenew-greenew.txt	0.16563376491736748	0.03954520766693392	1.496527128241624E-5	0.09067080064675982	1.3868714685039964E-5	8.88616302848516E-6	0.3850350930250951	0.23716077773638555	0.06001201138897613	0.021904624469486197
126	file:/C:/mallet/hist-data/texts/neh-greenjd-greenjd.txt	0.4585464244387781	0.21985308167505152	0.016106364224698796	0.041334071143018916	0.0012256973629436755	0.007518947996161543	0.005528109507506438	0.05544422742220549	0.16586772178652706	0.02857535444310849
127	file:/C:/mallet/hist-data/texts/neh-greenw-greenw.txt	0.5818389373744173	0.23154444471348545	0.019551753058636483	1.418430715800867E-4	5.7210734456335535E-5	0.005207478214326786	9.55768535568458E-5	0.10445850197766078	0.05663680688397526	4.674471179047195E-4
128	file:/C:/mallet/hist-data/texts/neh-gregory-gregory.txt	0.004906634219970751	0.22089674010041113	0.01287550078511278	0.4797209489333525	0.024539240463609197	4.820526900846941E-6	0.026322704479435445	0.002595439422225249	0.21939363204944662	0.008744339019535474
129	file:/C:/mallet/hist-data/texts/neh-griest-griest.txt	0.25126829250115357	0.3381395189825725	0.0025411728024451906	0.0509291511668093	6.749247074579692E-6	0.09605752173909425	1.1275363013533866E-5	0.009460788970513072	0.013626275186063528	0.23795925404126045
130	file:/C:/mallet/hist-data/texts/neh-grimes25-grimes25.txt	0.7509326639619618	0.18841493894750241	1.5277566191480225E-5	1.3353621162013013E-4	1.4158126678291824E-5	9.071599257641204E-6	0.0015001603899562805	0.035497202308824666	0.018347184133522185	0.005135806754485134
131	file:/C:/mallet/hist-data/texts/neh-grimes55-grimes55.txt	0.7268051367438456	0.19519671503787545	1.4255984626169628E-5	0.0067379337988810045	1.3211399887349102E-5	4.6772381114881757E-4	8.487369655586577E-4	0.0432272663073946	0.020978117124337038	0.005710902826445308
132	file:/C:/mallet/hist-data/texts/neh-griswold-griswold.txt	0.005554871002398956	0.3284304410271181	0.014050517745398432	4.12213240075194E-4	0.010569594318734716	0.0012624552632515423	0.09043997693772177	0.5486254154427369	4.519826549820848E-4	2.0253236758234486E-4
133	file:/C:/mallet/hist-data/texts/neh-gronniosaw-gronnios.txt	0.16243570581115932	0.30257622308866705	0.11007247604194154	7.991934796517666E-5	0.0811598206872457	2.0653772589813844E-5	2.7796069644329697E-4	0.34325034406267885	8.762978858017367E-5	3.926670272908231E-5
134	file:/C:/mallet/hist-data/texts/neh-gurley-gurley.txt	0.03318625154187085	0.37660279352797504	0.00596990593287857	0.028216400278598407	0.31970048341135243	4.0359054614966467E-4	0.14235957336021818	0.09335176145154303	1.4449298274900451E-4	6.474696666479546E-5
135	file:/C:/mallet/hist-data/texts/neh-hall-hall.txt	0.49923388841764876	0.06554796677778846	4.3267853264331015E-5	0.2886327344846978	4.009746971057225E-5	0.0036497818451675175	0.011775585766026619	0.058158250674259004	0.05586423625765259	0.01705419045378437
136	file:/C:/mallet/hist-data/texts/neh-hammon-hammon.txt	0.3382858136406674	0.06866066731608356	1.6115174727042032E-4	3.7026890568300595E-4	0.4601188282234776	0.005287218763427081	2.4949499881026606E-4	0.11485727670732497	0.005597520796403674	0.006411758900852104
137	file:/C:/mallet/hist-data/texts/neh-hammond-hammond.txt	0.026446959042629968	0.3433051792739262	0.007367445679748343	0.1784612859755286	0.03198916479251687	3.2462926596160347E-6	0.036783132238386605	0.008440557374036452	0.35567835516611723	0.01152467416445007
138	file:/C:/mallet/hist-data/texts/neh-harriet-harriet.txt	0.26021770821802953	0.2581585286925194	1.4092883150558286E-5	0.08892645607877188	1.306024941454608E-5	0.18288136961955487	0.01591197512249929	0.09321800425399154	0.08329992460933794	0.01735888027273057
139	file:/C:/mallet/hist-data/texts/neh-hawkins-hawkins.txt	0.1299243350792128	0.30706968981629135	0.0024663470314343337	0.1782681332429063	0.0241210582689272	0.0063903369236880045	0.06500384218530772	0.02351272402981639	0.22114311926469724	0.04210041415771861
140	file:/C:/mallet/hist-data/texts/neh-hayden-hayden.txt	0.1351856924327611	0.5555355864808235	0.047849266411522255	0.0033603610859197623	5.910560341656766E-4	4.888025142844748E-6	0.027168631240681536	0.10409508396051505	0.049930288139193736	0.07627914618927448
141	file:/C:/mallet/hist-data/texts/neh-heard-heard.txt	0.19566934912617423	0.03170869206145374	2.998516534076215E-5	0.18399089139352084	0.005630453901599246	1.7804760276358627E-5	0.4577262644915668	0.09768342376410812	0.0020074957463633706	0.025535639589596537
142	file:/C:/mallet/hist-data/texts/neh-henderson-henderson.txt	0.3870160521184045	0.18568044956191607	1.9502419486442922E-4	0.006024404481325275	4.760998221560155E-4	5.1260388956342924E-5	0.013106114863681052	0.016972593035677254	0.04648390230968956	0.3439940992233294
143	file:/C:/mallet/hist-data/texts/neh-henry-henry.txt	0.22787081243272592	0.06384082746755386	2.1915289784756706E-5	0.006827997119237212	2.030948156762642E-5	1.3012984139663458E-5	0.3411753260277347	0.32047239209915845	0.024906571496711192	0.014850835601386617
144	file:/C:/mallet/hist-data/texts/neh-henryg-henryg.txt	0.31878059567915695	0.10007101744973748	0.0016995268436023948	0.16716253820991497	0.1166169321303095	9.130014918403485E-6	0.10156819746669443	0.07624447228798101	0.09227076545822518	0.02557682445945975
145	file:/C:/mallet/hist-data/texts/neh-henson-henson.txt	0.256646161519796	0.4700231841041282	7.5415755851469574E-6	0.06687800914033491	5.557958996875866E-5	5.306869061947935E-5	0.03144980144549216	0.10717241897872504	0.0676571306738935	5.710428145675102E-5
146	file:/C:/mallet/hist-data/texts/neh-henson49-henson49.txt	0.31102834294019627	0.5718386721340278	2.28914421013959E-5	0.03220547947665653	0.004003451929753232	1.359260935744894E-5	0.011392192818160923	0.04728832039212399	0.022181214153056197	2.5842104566151833E-5
147	file:/C:/mallet/hist-data/texts/neh-henson58-henson58.txt	0.2805811654732957	0.5392306915707977	1.1253279221404836E-5	0.03359578027675274	8.293394899620895E-5	6.682035485983019E-6	0.011545754844792594	0.09647690914623709	0.03831111514730213	1.5771427711846055E-4
148	file:/C:/mallet/hist-data/texts/neh-henson81-henson81.txt	0.2051482501175046	0.4533626998394156	5.9020345125938415E-6	0.08614470698057707	0.001450495425002445	6.499634773983843E-4	0.03951918649842306	0.12216628408984678	0.0915458487420114	6.662795308041621E-6
149	file:/C:/mallet/hist-data/texts/neh-heth-heth.txt	0.12701793028051175	0.4359017932787715	1.7476089124507987E-4	0.03530722727609644	0.011421855382390378	0.01586763025269867	0.2592482605056912	0.07613931820398097	0.03872393669762077	1.9728723099336103E-4
150	file:/C:/mallet/hist-data/texts/neh-hildreth-hildreth.txt	0.2529100258764179	0.6177795356486977	0.0024538825477531615	0.030617548228799314	0.008535947518712953	0.00339685164013576	8.032282259749859E-4	0.0053854408532506585	0.07807804623241242	3.9493227845155296E-5
