0	file:/C:/mallet/hist-data/texts/church-hatcher-hatcher.txt	0.03432477467559722	3.195374506148256E-6	0.028997457159346048	0.003034053140803636	0.055119745112705495	1.0851518984439639E-6	9.967311738870435E-6	0.0789369371513536	2.086008436324059E-6	0.0028827699182139943	0.13284289593057225	0.04654057868459936	0.02424072411002278	0.001555478591250653	0.5528005832676257	1.4584216451074759E-5	0.021327881531675138	0.003649625904374256	5.3093010202210595E-6	0.013710267457808888
1	file:/C:/mallet/hist-data/texts/fpn-ball-ball.txt	0.2457259465553752	1.6610501791692927E-6	2.442766460035133E-4	3.5608928671092623E-6	7.479492378870747E-6	5.640940527841258E-7	5.181303449042029E-6	0.0017730280204140253	1.0843688839094625E-6	4.934467122289314E-6	0.11413082138162502	0.021232611836510165	2.5205322074068725E-4	8.433099527984379E-6	1.3129904923525872E-6	2.2095482153270142E-4	0.6113599031930392	0.004511009043656083	2.759931705636736E-6	5.124235904442253E-4
2	file:/C:/mallet/hist-data/texts/fpn-brownw-brown.txt	0.10805474686965462	7.302121007568349E-4	0.0018983139651025927	0.002114197308094811	1.6548899609263916E-4	1.5348068411168233E-6	0.08673437001857415	0.0260869115495697	2.9503888103485647E-6	0.0010293955910577275	0.07192338747479247	0.22257523586073494	0.004023981447970942	0.2485001109303221	3.572430483955647E-6	0.021065714547190507	0.17189330259173843	9.505375084346393E-6	7.509318777462016E-6	0.03317955842835028
3	file:/C:/mallet/hist-data/texts/fpn-bruce-bruce.txt	0.052705596950637285	3.3909322227016345E-6	1.1753547104935415E-4	1.1616658557120265E-4	0.26060636626088574	1.1515634652149164E-6	0.026962644422129884	0.0022583126178659647	2.213672672780131E-6	6.452203287823762E-5	0.10068093517474655	0.20200835674538808	2.4513631317453197E-5	0.031216275157537218	2.680389686268172E-6	0.09143471046110277	0.1547255063410947	0.023365590030509437	1.1453147240868035E-4	0.053589000086830575
4	file:/C:/mallet/hist-data/texts/fpn-burton-burton.txt	0.013701036702417407	9.377839322878806E-6	2.3889576552150556E-5	0.054982217127488214	0.1006304235669276	3.1847222054704084E-6	2.9252235626315616E-5	0.1301737794578019	6.122052956351983E-6	0.0021359945168535686	0.07816664131535532	0.2870186312414311	0.08725426961492064	8.005166568773994E-4	7.412788622621836E-6	0.07804382853948877	0.10776776832273682	0.050464402962879164	1.558182672754901E-5	0.008765668932808713
5	file:/C:/mallet/hist-data/texts/fpn-burtont-burton.txt	0.03856681894612128	9.60787490741141E-6	0.023165701924786668	0.0055744913001173025	0.24888858362809269	3.2628424855142402E-6	0.002344092418597393	0.04373321983319382	6.272225078294638E-6	9.541910830413817E-4	0.09304313232363604	0.20211130613140613	0.04635190966571856	8.201530902553547E-4	7.594622103140245E-6	0.18471083815212233	0.05240393863873217	0.03936029224092468	0.010198103635661216	0.007746489423018603
6	file:/C:/mallet/hist-data/texts/fpn-ferebee-ferebee.txt	0.049182979306430716	2.3032202001932585E-5	0.15649715761766744	4.937551246255427E-5	0.029690185562391853	7.821755377860045E-6	0.11434960219129488	0.0042441908965081465	1.5035911312025121E-5	8.080834234157242E-4	0.05366240814937889	0.2981107304376256	0.026054668983159706	0.008253214269277838	1.8205989575586184E-5	0.2260718222209302	0.027988469822056796	4.8441743086356335E-5	0.0026270858703040315	0.002297488135741787
7	file:/C:/mallet/hist-data/texts/fpn-grandy-grandy.txt	0.09376196693000843	1.3301681604655753E-5	3.3885368476243744E-5	2.851561243638364E-5	0.0011278295170128814	4.517262379735475E-6	0.013711044224854552	1.0167371837076457E-4	8.683620649541805E-6	0.06902803731826149	0.03868052677929488	0.31719192514420175	0.017183100606073875	0.16410216068931785	1.0514421357185437E-5	4.878845811296608E-4	0.27673989424595924	2.4156309272711955E-4	2.2101519423894972E-5	0.007520873666459838
8	file:/C:/mallet/hist-data/texts/fpn-hortonlife-horton.txt	0.14389289619650483	4.526195282300627E-5	1.1530256060445079E-4	0.0015505843733863791	0.014739344783764013	1.537099765259488E-5	0.012496391021710294	0.35864693276802767	2.954796542678305E-5	1.34459284190578E-4	0.27915485295205394	0.06837007755465067	0.001780760040362063	2.2979351122206105E-4	3.5777675152257804E-5	0.052534513022696995	0.04191982759852517	8.219725619479174E-4	0.023332063151989848	1.5427002730843925E-4
9	file:/C:/mallet/hist-data/texts/fpn-hortonpoem-hortonpoem.txt	0.07858673706372472	9.55920831070995E-6	2.4351604975735033E-5	0.04131021635984092	4.3043868634811406E-5	0.004454554819514731	0.004481126483024059	0.5135084794277747	6.240454488934584E-6	0.005400666340283846	0.22104581564814815	0.03055639162039929	6.910515835341039E-5	3.5551859340087453E-4	7.556153199812996E-6	0.016313929853910013	0.045077801658729814	0.017671845719795357	0.02089098513282458	1.8607483066560902E-4
10	file:/C:/mallet/hist-data/texts/fpn-hughes-hughes.txt	0.07652512700840738	3.831070889785085E-6	7.127544318113738E-5	0.02627553709820341	0.03342042889604632	1.3010349306864014E-6	2.5801416244697724E-4	9.079943884320206E-5	2.5010045554505084E-6	1.1380928514910002E-5	0.07683960279402403	0.26415411651089965	0.02980143063016905	0.03532962374364373	3.028300840575578E-6	0.008568207101112812	0.2406922956829359	0.19569039548378148	0.008618602990840857	0.0036425006757326646
11	file:/C:/mallet/hist-data/texts/fpn-jackson-jackson.txt	0.047191279749913974	8.852622389018107E-6	0.012247250258940275	0.03171790578247864	3.241575217131763E-4	3.0063580882825085E-6	0.01935969550984659	0.053088743246598465	5.7791801716985394E-6	0.035421065417943993	0.03256600550935704	0.1946105221191523	0.05066856361653473	0.1477363618512805	0.0075408235365674375	0.0035940962961122447	0.35418634937023946	0.008831773833235244	1.4709148173777445E-5	8.830590712631222E-4
12	file:/C:/mallet/hist-data/texts/fpn-jacobs-jacobs.txt	0.16027677400442916	1.378260895598345E-4	2.428806474314735E-4	0.17490480797166627	9.514444372536507E-6	7.175676121089319E-7	3.798020542223345E-4	0.008125009562897929	1.3793940688290083E-6	6.2769918819304E-6	0.17558223115948943	0.2212148560136461	0.07567533722663061	0.09433134313026822	0.004005207139382361	3.149984709133419E-4	0.07795629735787644	4.44404410949261E-6	3.5108287240804892E-6	0.006826785900817556
13	file:/C:/mallet/hist-data/texts/fpn-jones-jones.txt	0.10554164819034854	9.723380528223188E-6	2.4769825487196603E-5	2.0844593860767527E-5	1.9991264513692577E-4	3.3020682925248672E-6	3.0330080149912348E-5	0.0014794881250372	3.1860669042898496E-4	2.8885160807135E-5	0.12132823271834961	0.17643776749260306	0.3958586515830269	0.12932461647868643	7.68592445140223E-6	4.437911299189452E-5	0.06911527905073285	2.0450389478155204E-5	1.6155963583974886E-5	1.8927052601828246E-4
14	file:/C:/mallet/hist-data/texts/fpn-lane-lane.txt	0.01892710696333622	4.398469060377347E-6	0.42504307501467625	9.429261860789436E-6	0.17849364020103783	1.4937238317235486E-6	1.3720117067405634E-5	0.026448030472148804	2.8714141485460663E-6	1.3066493257713152E-5	0.09641258505638975	0.04640694048376126	0.017264727881827688	7.285985363926272E-4	3.4768052943895295E-6	0.1861216003975076	4.0109602726305426E-4	0.0019161735872036411	7.308312757937711E-6	0.0017806607811763563
15	file:/C:/mallet/hist-data/texts/fpn-mason-mason.txt	0.16210830362249545	8.22805653780263E-6	2.0960562424620154E-5	5.461146866768388E-4	0.005057569096660244	2.79425499431162E-6	0.001346854996654497	0.008518503918402576	5.37145030085912E-6	2.444301501260468E-5	0.1309430472130346	0.4145988385795784	0.019084607540155934	0.045754922370882564	6.5039335597177825E-6	0.005982905928382841	0.1686734721710872	0.01666429021529519	9.385038855038811E-4	0.019713764502359832
16	file:/C:/mallet/hist-data/texts/fpn-northup-northup.txt	0.19529055332522974	3.27833742687059E-5	4.8961363108534384E-6	0.18569715695070915	0.002601011905683685	6.527044962955291E-7	0.05339621516368134	0.01982770899594084	0.0020072456297144797	5.709595521605774E-6	0.17017283421657645	0.06613823068481837	4.4595387403024127E-4	0.025316104840877183	1.5192409735966124E-6	0.01250763873493879	0.2319443699152836	0.027100350496951774	0.0014845406175869403	0.00602452359640634
17	file:/C:/mallet/hist-data/texts/fpn-robinson-robinson.txt	0.018837226221785745	3.544355510630981E-6	0.012985000918209465	0.03028486589708356	0.033195747439427936	1.2036661442097275E-6	2.9561667218738156E-4	0.10742033260289478	2.3138306581221924E-6	1.052918566593828E-5	0.06904012869714475	0.22309981119787148	0.15943657517317772	0.03610030226921943	0.0034744432557674483	0.07274991397118397	0.1910358483822723	0.035862113611301	0.006152402134811897	1.2080517682346463E-5
18	file:/C:/mallet/hist-data/texts/fpn-roper-roper.txt	0.11380749797349753	9.816875481928954E-6	0.022250949461369192	2.1045024599065917E-5	2.0183490082238638E-4	3.333819258276622E-6	0.00586296096731182	0.009690515217495898	6.408665098330257E-6	0.029979013102684707	0.05786623758783205	0.21328596728746138	7.096787857989765E-5	0.22309740854233429	7.759828290574632E-6	0.005561883507299513	0.3180483505672913	1.782778202646027E-4	1.631131089995942E-5	3.3459662127325305E-5
19	file:/C:/mallet/hist-data/texts/fpn-steward-steward.txt	0.25154936366020364	0.012332839234436364	0.004368247090487588	0.0033240708747078536	0.009778709752819012	6.686981402935378E-7	0.02277082548935436	0.04067530485984526	1.2854513400444103E-6	0.025299942144683375	0.2237610236699845	0.12441762641063471	0.002512026399939693	0.10596062747015787	1.5564679260947162E-6	0.02682072536612714	0.08968902974957163	0.0015217869439918626	3.271726035379314E-6	0.055211068539613384
20	file:/C:/mallet/hist-data/texts/fpn-veney-veney.txt	0.06415449607623251	5.108519200201079E-4	3.929938805209898E-5	0.08375989130626221	0.0062622776550291925	0.06044708512549975	4.81211944782891E-5	0.026870866873620225	1.0071042250663836E-5	4.5828709778098447E-5	0.1214038482117692	0.31560378881461	0.10538932982483513	0.04169401947753828	1.219435832161601E-5	7.041115343254687E-5	0.1178316499775431	0.01340892038482033	2.5632779793721014E-5	0.042411415726112886
21	file:/C:/mallet/hist-data/texts/fpn-washeducation-washing.txt	0.04182340598422395	2.3962216148718547E-6	0.007778342807987537	4.36133524370004E-5	0.6941640361109842	8.137588972646103E-7	1.6138023304319168E-4	1.3374522239680358E-4	1.564304432643812E-6	0.01716760553724141	0.09750311116438792	0.08118807304088439	6.329455532315066E-4	5.0641970271261304E-5	0.001271616252569353	0.024558898122097085	0.001949950531150888	0.013010072603361513	0.0017738971720597714	0.016783890056727507
22	file:/C:/mallet/hist-data/texts/fpn-washington-washing.txt	0.038689434602257176	1.1502835082778804E-4	4.352234581808062E-5	5.014974309522202E-6	0.5778422400529689	7.944404081898623E-7	1.9511210051892242E-4	2.432591500820753E-4	1.5271681282750468E-6	0.009322574690754756	0.11460847853506695	0.14315535441835528	0.022291773440781985	1.1876734027333429E-5	0.0018048733880746113	0.038249816231721565	0.037776328858846256	0.007029202073212906	0.0010180880784449683	0.007595700365394537
23	file:/C:/mallet/hist-data/texts/fpn-williams-williams.txt	0.15387163274511356	6.959222435312679E-6	0.01555029719098786	0.01968205652769683	2.5482667152731747E-4	2.3633578545622273E-6	0.06662178754468676	0.023743155258320187	4.543128413394297E-6	1.3241880087490112E-4	0.11879619780834753	0.044035727329033846	0.03145068255436298	0.08574382356364582	5.500973424115377E-6	0.009530096551606915	0.42548948166036665	4.6161716284610563E-4	1.2330825391627836E-4	0.0044935236945390766
24	file:/C:/mallet/hist-data/texts/nc-jones85-jones85.txt	0.10488213631723632	5.05954701867919E-6	0.030316071286944364	0.0010669895386947149	1.0402425625150712E-4	1.71822646829726E-6	1.5782213413674955E-5	0.002232201472674208	1.657865313418713E-4	9.627212744114236E-5	0.11634633381164264	0.1848309707644765	0.3524633994128723	0.11904488859270841	3.999359690902866E-6	0.006116225786459923	0.07983459455085373	1.0641330637497541E-5	8.40673232400243E-6	0.002454498140849301
25	file:/C:/mallet/hist-data/texts/nc-omarsaid-omarsaid.txt	0.042372192714600555	0.0023910684638408673	0.0018591901253046364	0.0030215979664818646	0.0031080753944900614	1.244868292691713E-5	0.06839228138908815	0.09504526186130026	2.3930343432941407E-5	0.24202469376131777	0.06657089396223302	0.06361208526766779	0.16330800556845057	7.747083722468962E-4	2.8975668586971024E-5	0.15320406539016154	0.019235009888281477	0.0012543030872460537	0.07363627168843985	1.2494040390185094E-4
26	file:/C:/mallet/hist-data/texts/neh-aaron-aaron.txt	0.053023095816444585	0.023308172858793264	1.6430221334493072E-5	0.0036385390478743036	0.002514559179856728	2.190314701080097E-6	0.03937413980628371	0.25585043816837755	4.210484219959766E-6	0.02249237746081948	0.06639435977002749	0.17326881784188433	0.08372570283704062	0.10142113144932431	5.098196592543824E-6	1.330005894597414E-4	0.11326492221686811	1.1712828451411934E-4	1.0716508991713529E-5	0.061434968946591915
27	file:/C:/mallet/hist-data/texts/neh-adams-adams.txt	0.03744132270432194	0.0012072369119352836	4.7147730836996845E-5	3.967631105281609E-5	0.08537465103645071	6.285269435661427E-6	0.05533363435377361	0.1077214510436914	0.007144456881123912	5.498100047665314E-5	0.06838159306612203	0.3328658429478146	0.14842775110901607	0.04259102883464467	3.118119252334919E-4	0.07646031724689664	0.001390543761251189	3.892596898295463E-5	3.075181223474095E-5	0.03513059008470461
28	file:/C:/mallet/hist-data/texts/neh-adamsh-adamsh.txt	0.12931637666544357	0.06573191048885689	0.007476753719753869	3.9744159860980345E-6	0.02995600970997709	6.296017613324242E-7	0.01262785907850425	0.0877435534937301	3.097934296340414E-5	0.22136814357547682	0.2373813556145087	0.010510646981904659	9.957810590790822E-4	0.06892475703603253	1.4654668357481733E-6	0.047103094620271464	0.0096058492236177	3.366830081338076E-5	0.001967837564874346	0.06921935403960898
29	file:/C:/mallet/hist-data/texts/neh-aga-aga.txt	0.20809756238287153	1.7632712556633987E-5	4.491845316821471E-5	0.00966424269065177	7.939780558111661E-5	5.988084172522442E-6	5.5001610144820915E-5	0.07431501122244452	1.15110097666621E-5	0.10169628772908766	0.15008751604897322	0.066839505149965	9.768618822674567E-4	0.011131616406936471	1.3937919655639083E-5	3.6360926778572023E-4	0.1997993865079188	0.04392233749993025	0.13281757659524515	6.0099020876782204E-5
30	file:/C:/mallet/hist-data/texts/neh-albert-albert.txt	0.004753049712891848	5.383177823476948E-6	0.02231480917337646	0.1360655122749327	0.041601088889069056	1.8281317647016437E-6	0.0016591204732178582	0.05734977715394208	3.5142529717249015E-6	1.5991758898378628E-5	0.031904383083901984	0.21860891219704298	0.22330918895590204	0.04696335742554098	0.0030295976293705563	0.0588026516577671	0.1318771923578456	7.892671990157569E-4	8.944463772626554E-6	0.020936430030952087
31	file:/C:/mallet/hist-data/texts/neh-aleckson-aleckson.txt	0.09350416122195913	5.888060453861106E-6	1.499953945820267E-5	0.09153249137050308	0.06923368666913297	1.9995903351441947E-6	1.1291190918711496E-4	0.005812270873223428	9.838917008053488E-5	1.749160927706587E-5	0.14324559744160265	0.1754830142598282	0.041453415517689544	8.80801368683816E-4	0.10901540706020107	0.012885037462013688	0.13545310194099933	0.07470318587709965	0.029697013518534633	0.01684913553973687
32	file:/C:/mallet/hist-data/texts/neh-alexander-alexander.txt	0.07460896893758137	0.015273678693744913	0.020836555771123488	0.0016548519208809702	0.15762593010260637	4.2612769585086193E-7	0.059864562367480265	0.022757040528408195	8.191534934149433E-7	3.727593110926965E-6	0.15860955901417856	0.05974122932407223	0.002104496006788271	0.028334903521815866	0.002096416774309742	0.12369624203629502	0.041942329226411036	0.010237983876570097	0.14972422478763622	0.0708860542357972
33	file:/C:/mallet/hist-data/texts/neh-allen-allen.txt	0.25403218242024533	7.785739794712556E-6	0.18154392562114596	1.6690757237704765E-5	2.8509135549354493E-4	2.6440438523768613E-6	0.011400795897462207	0.13495241461427207	0.0011302320261013133	0.07103255338411922	0.1357805004510892	0.09052113948327783	0.08981819763176381	0.004665141866600604	6.154300727688547E-6	0.004286099534952013	0.018587353644462176	1.413917006794907E-4	1.2936460548116161E-5	0.0017767690661745711
34	file:/C:/mallet/hist-data/texts/neh-allinson-allinson.txt	0.19114290054712604	2.3572712942563615E-5	0.0046021701077309605	0.03146686285986279	1.0614485282520945E-4	8.005313352747474E-6	0.01445690958521296	0.068690489128255	0.005314528535863089	0.043598675340794736	0.2646162678970414	0.043556280945396916	0.24355233051191735	0.04629789589641274	0.01137393274261661	0.004271199568465106	0.026752742650436725	4.9578555455369775E-5	3.9167436754133124E-5	8.034481153749191E-5
35	file:/C:/mallet/hist-data/texts/neh-anderson-anderson.txt	0.10745338791094156	4.994445570793309E-5	0.04984901988160013	1.0706892441441856E-4	2.2489337198780692E-4	1.6961179612571976E-5	9.577557654993214E-4	0.15435891179751202	3.260480289678066E-5	1.4836955422664133E-4	0.152453290129204	0.1620553428679068	0.2666132168510174	0.0467674979632234	0.00966305103839414	0.004237776419990831	0.04465264759409777	1.0504408096927037E-4	8.298562473171698E-5	1.7022978606551903E-4
36	file:/C:/mallet/hist-data/texts/neh-andersonr-andersonr.txt	0.023036369651710253	2.618034869233442E-6	0.24925063235637582	9.304508911804642E-4	0.009428325644149948	8.890868669931585E-7	0.002236186328958027	0.020030152475955635	1.7091088425796337E-6	7.777373103623001E-6	0.022326434184462264	0.5488946907302003	0.10999062588998662	1.32916807070938E-5	2.069446748243429E-6	0.0017355117143163783	0.008898589349277394	0.0030742884372120575	4.350017556768511E-6	1.3503759752037082E-4
37	file:/C:/mallet/hist-data/texts/neh-andersonw-andersonw.txt	0.09731033909189114	0.009226997118473568	0.018970527629924197	4.0122062932763984E-4	5.4807451907572E-4	2.58792000772477E-4	0.03459620984541962	0.08175173865777052	5.205697450779942E-6	6.638986776330163E-4	0.08592895574423584	0.18746281455545374	0.04410408958152112	0.14549618018873064	0.006664486486386788	0.09747634640840883	0.18625999961289227	1.6771385070242073E-5	1.4129150767114475E-4	0.0027160606618906666
38	file:/C:/mallet/hist-data/texts/neh-andersrob-andersrob.txt	0.034097719528248464	3.6931672814835057E-6	0.18176895421579353	0.0016090617155452693	0.0398080345502985	1.2542027480853337E-6	1.1520073633783581E-5	0.005543282477247398	2.410978147039501E-6	1.097125948158223E-5	0.05254717919476344	0.5484259547021094	0.09787441501480329	2.559566795489472E-4	0.020699193869305823	0.0030412401885611087	0.010121551264225705	2.4497412149722186E-4	0.003920045071709763	1.258772505015511E-5
39	file:/C:/mallet/hist-data/texts/neh-armistead-armistead.txt	0.15365831054078607	0.059570737859253535	4.955543986791533E-4	1.7056074997910288E-4	0.03060027425217815	2.7466248209447186E-7	0.011651580243004217	0.12945746896367832	5.279889899398822E-7	0.29121585144102613	0.23321620530077206	6.588151431605622E-5	0.018537847857256973	0.018769867547265933	6.393069131221884E-7	0.018639585940972304	0.011268276016056586	1.7010413584068778E-6	0.0038454029172550123	0.01883345145777694
40	file:/C:/mallet/hist-data/texts/neh-arter-arter.txt	0.03267006207670286	4.0856723812961475E-6	0.05111604054591455	8.75870086428014E-6	0.20102951147301704	1.3874978136218127E-6	1.2744412340060893E-5	0.12093967716964933	2.6672138239324553E-6	1.2137270920998816E-5	0.13692240986883336	0.04927350569728531	0.10151915538198077	0.0013984299707683627	3.2295526401208476E-6	0.26742116125103693	0.01060681945404238	0.023298066150375742	6.788582840780227E-6	0.003753362056768266
41	file:/C:/mallet/hist-data/texts/neh-arthur-arthur.txt	0.22378546939945454	6.733168656573796E-5	0.030443815524608526	1.4434297375789067E-4	3.0318580548650825E-4	2.286589799150587E-5	0.0499430775015301	0.03186810615104846	0.15248656592865986	0.03804038592429379	0.028217924571152308	0.13954770002477285	0.006973671914439641	0.006828760445735833	5.3222873940563905E-5	3.073129265446683E-4	0.26669790776620905	0.01744006545958483	1.1187552241179798E-4	0.006716411701811559
42	file:/C:/mallet/hist-data/texts/neh-auntjudy-auntjudy.txt	0.1212102893469694	0.005010581931997847	6.0856525085570464E-5	0.28467629054665206	4.911616720911742E-4	8.112790378041932E-6	7.451741169692856E-5	0.004018518698515794	1.5595373509451614E-5	7.096741614787605E-5	0.0990049681298614	0.2309502368187965	0.025489754523328367	0.06801702427863004	1.8883405312012833E-5	0.0012598094674354668	0.1395042997410694	0.019997015137298225	3.969328744919658E-5	8.142349777516802E-5
43	file:/C:/mallet/hist-data/texts/neh-ballslavery-ball.txt	0.24780606317677276	1.1985705505320775E-6	9.928128048392958E-5	2.5694475565159354E-6	0.003007710044204137	4.0703557777855194E-7	8.890361277053667E-4	0.005879068382436175	7.824523463928149E-7	0.016843457426752764	0.12017142531021152	0.01624468836683389	8.664672324323685E-6	6.085104996047127E-6	9.474197450491545E-7	2.4716070137746907E-5	0.577688890895934	0.011299685937852634	2.1237091234739724E-5	4.0851863436985815E-6
44	file:/C:/mallet/hist-data/texts/neh-baquaqua-baquaqua.txt	0.18460993623604724	0.01426157821559395	1.8385715375341116E-5	1.5472162693949977E-5	0.014170970369756827	2.451001837202365E-6	2.2512884527015066E-5	0.06842974344346321	4.711608132632247E-6	0.16817654351205868	0.142323400995082	0.12528459168592432	0.03539835461588141	0.01405922470197702	5.704974362168973E-6	6.123865219463556E-4	0.2009145326243456	0.02296122395728151	1.1991967736021239E-5	0.008716282805977551
45	file:/C:/mallet/hist-data/texts/neh-barber-barber.txt	0.10423120878013857	0.19850139556603433	9.459371155890107E-4	2.473650566020805E-4	0.008032570924478224	2.452138541845813E-6	0.19005286952220646	0.0017943351751045014	4.7137932419051886E-6	0.16952991044025176	0.10795437734663087	0.05531320815598499	0.02219728541508171	3.665900797522849E-5	5.707620166325379E-6	0.009772156404583312	0.1181085667317385	0.004073186670682863	1.1997529268127298E-5	0.009184096605699372
46	file:/C:/mallet/hist-data/texts/neh-barrett-barrett.txt	0.10805856736374192	0.030529047090761825	6.913005309671559E-5	0.028817118968246493	0.0031723852143366598	9.215735351434664E-6	0.024050434685736765	0.10391392052961938	1.7715585917131665E-5	0.024917885209963245	0.23882988551690454	0.10678849645785045	0.025469189007505933	1.3777350258992071E-4	2.1450630150681594E-5	0.05328432951050524	0.1833073702080034	0.007028940120651955	0.06148465147514834	9.249313391789934E-5
47	file:/C:/mallet/hist-data/texts/neh-bayley-bayley.txt	0.18102633328682133	1.4270974595524423E-5	2.655054078051312E-4	3.059354394056577E-5	2.9341115178945827E-4	4.846435103360117E-6	4.451536191998793E-5	0.17403455044572577	9.316395728748127E-6	0.08666140232136513	0.11139017341969652	0.22366792338300462	0.16715411067590358	0.008551033404428404	1.128060680857923E-5	6.513508262285065E-5	0.04529832525797055	3.0014971425237828E-5	2.3712056234340873E-5	0.001423545817110265
48	file:/C:/mallet/hist-data/texts/neh-beard63-beard63.txt	0.14022044579662357	0.5682146326624238	3.16893173161145E-6	2.6667565725112996E-6	0.009793085509547415	4.2245065462971856E-7	2.385474120035108E-5	0.02218115611897418	8.120850461136805E-7	0.0024805281412637716	0.2287694544172729	0.010987409772694797	2.6866076284124047E-4	6.31555748296098E-6	9.833000193483977E-7	0.00182335326951705	0.007503986044109655	2.6163239694456785E-6	0.0023990017998406373	0.005317445558214074
49	file:/C:/mallet/hist-data/texts/neh-beardj-beard.txt	0.1365763110923107	0.5639914832422132	3.1069344610099423E-6	2.6145839027105973E-6	0.015476595263767946	4.141857913353792E-7	4.297172011213913E-5	0.03067735786481701	7.961973399024314E-7	0.01251759161694438	0.22944429445240805	5.10605249020602E-4	2.634046590736134E-4	2.5775674591198484E-5	9.640626477212688E-7	6.43175968916751E-5	0.006926336518372661	2.565137967709866E-6	2.0264785489029415E-6	0.0034704674688176332
50	file:/C:/mallet/hist-data/texts/neh-bethune-bethune.txt	0.20137723803892077	1.0720184575879864E-4	2.73091339338546E-4	0.01916470209197513	0.04868061028695754	3.640583794419869E-5	3.343940478977695E-4	0.1350849788063668	6.99836448629377E-5	3.184635780299377E-4	0.38059095039791235	0.007011079671040757	0.007660394030353004	0.04702080138334554	0.0018060919321471393	0.09344236887805349	0.045924148150654855	2.2546885748028715E-4	0.010506242334720865	3.653848462393081E-4
51	file:/C:/mallet/hist-data/texts/neh-bibb-bibb.txt	0.13794380449033825	3.3466526125802325E-6	6.226304732991995E-5	2.221248887314486E-4	2.3002000921495546E-4	1.1365260719788047E-6	0.02537459451779262	0.022702855186176672	0.00999738156788171	1.1741710583860339E-4	0.12559017646146248	0.23747045354742274	7.793114362674838E-5	0.2396330260091302	2.6453885118162624E-6	0.0013049774878340387	0.17205060559024768	0.00742282991578556	5.560658412999587E-6	0.01978684980557711
52	file:/C:/mallet/hist-data/texts/neh-black-black.txt	0.0935900839098087	1.7503859694294484E-5	0.021686337412438368	3.752407357342212E-5	0.0040136807262137475	5.944325630943478E-6	5.4599680216134175E-5	0.08529547435981405	5.735501959164361E-4	5.199856166768953E-5	0.09727539210199655	0.2948541916765315	0.06561390332794649	0.13471739786253586	0.001138082674950274	0.008230678412169127	0.16320662541874445	0.003690615909984988	2.9083683290928825E-5	0.025917331826876014
53	file:/C:/mallet/hist-data/texts/neh-blair-blair.txt	0.014143416463710071	1.8355079682341366E-5	3.414884445161917E-4	3.934888490169449E-5	0.05843915038237496	6.233400662444548E-6	0.21756784524216738	0.02430814361904455	1.1982586389511592E-5	5.4527273381235396E-5	0.020365781106225056	0.4536106744806399	0.031374050529422944	0.035755493627369586	0.001782887703956442	0.0637454118140541	0.004326366362502741	0.013596175407624011	3.0498034923976558E-5	0.06048216955645081
54	file:/C:/mallet/hist-data/texts/neh-bleby-bleby.txt	0.21599954872534924	4.060366576167305E-6	0.002618256024351206	8.704451292467192E-6	0.018338868217684465	1.3789039406894289E-6	1.2665476100181353E-5	0.017308456057552248	2.6506936561445578E-6	0.01702869078978798	0.21379013175440797	0.08071964985027864	0.0418863478072602	0.33116029688166343	3.209549462641817E-6	0.004321587714941334	0.055071227994749734	1.3893545847189635E-4	6.746535770325867E-6	0.0015785867467030072
55	file:/C:/mallet/hist-data/texts/neh-bluett-bluett.txt	0.2557530955185661	2.076656695281638E-5	5.2901790472602475E-5	4.451853475830131E-5	0.0014273145362903412	0.005342273915686957	6.477702258892653E-5	0.05584510802540008	0.001013910901297606	0.356187730981521	0.1487525922782174	0.09939284515773412	0.0034846385609033676	1.0543120741556061E-4	1.6415100103410175E-5	0.001095136082580474	0.058913882060415715	0.012381376503559314	3.4504861604463645E-5	7.078039393132686E-5
56	file:/C:/mallet/hist-data/texts/neh-boen-boen.txt	0.22997690629065778	3.779125346292181E-5	0.012839467321573721	0.0019014719465980138	7.769879437386645E-4	1.2833941799610737E-5	1.1788202088451281E-4	0.11072989596991091	0.0516042737663305	0.08385326838890093	0.207592632343562	0.13354444889104095	0.10585968055273819	1.9186500548676235E-4	2.9872400673481364E-5	0.02080432664891839	0.03985531266667127	7.948324658704471E-5	6.279237071587692E-5	1.2880702974843206E-4
57	file:/C:/mallet/hist-data/texts/neh-boxbrown-boxbrown.txt	0.1864487969597653	0.008415116697751614	0.005138117777289076	1.2904420385341145E-5	0.006019795081968452	2.044236393976808E-6	0.015097157806375714	0.1722875188721707	1.0058596439320135E-4	1.1453844430401877E-4	0.211396954673362	0.05703426702445489	0.00932251996729927	0.14578824524564302	4.7581833847836295E-6	1.2413040247590852E-4	0.08270676606484036	1.2660377296521475E-5	1.0001794576111643E-5	0.09996312000586975
58	file:/C:/mallet/hist-data/texts/neh-bradford-bradford.txt	0.10050732035043383	0.001471221772994125	1.5496206243670375E-5	0.015250483510453277	0.006571677476201838	2.065801041597935E-6	0.017307611953371244	0.014600208219769617	3.971129209394133E-6	1.8070793816464945E-5	0.14115145094832396	0.16547013317521628	0.05484016435565723	0.09008807827356671	0.16312358879704233	0.07494519183085209	0.11307736641365053	1.2793931603623345E-5	4.0081096917248053E-4	0.0411422940913797
59	file:/C:/mallet/hist-data/texts/neh-bragg-bragg.txt	0.06680161681174666	0.010505618323897573	0.12568878126868313	9.045318087751331E-6	0.08274292264272569	1.4329018954685232E-6	0.008414280619359484	0.05111647607967394	2.7544949667029736E-6	0.039579095664501525	0.15773100126920683	0.042620300572709914	0.0010467669705546644	0.03999448859557681	3.3352355975718172E-6	0.23226955217117562	1.8151118488041052E-4	8.874256753760783E-6	0.0030558039749455225	0.13822634164306094
60	file:/C:/mallet/hist-data/texts/neh-bragg1915-bragg1915.txt	0.09219463363308872	1.7999642604335488E-5	0.3962957005041402	3.858691312525468E-5	0.09690358749854668	6.112693928622481E-6	0.006703663669647734	0.03221908088592967	1.1750549505610811E-5	0.005255876377158907	0.13384627273227764	0.05753657735746641	0.0021532800062807763	9.138361950415136E-5	1.422796246712807E-5	0.13129836827735664	0.0022194309096118243	3.785717330076782E-5	2.9907455498231632E-5	0.04312570213856062
61	file:/C:/mallet/hist-data/texts/neh-branham-branham.txt	0.0029809324502013458	1.429390281176861E-5	0.007610539182082243	3.0642696532524375E-5	0.024163855970641152	4.854221545086256E-6	2.741058569046302E-4	0.03683229395672083	9.331363755945944E-6	7.310196964867341E-4	0.006219926938206067	0.41842984755688867	0.08250064515423587	7.256969510413264E-5	1.1298730601775099E-5	0.05537931274022852	0.16058962855603884	0.2040724320965198	2.3750152802258932E-5	4.871908169182828E-5
62	file:/C:/mallet/hist-data/texts/neh-brinch-brinch.txt	0.1577292024043483	0.023924580877744257	0.0020820262609689104	0.005936013918912986	2.0023518918852947E-5	7.291353420194202E-5	1.3870985139218092E-5	0.15954915269916897	0.009285343064793694	0.19273094683351166	0.11218184689010707	0.06034107324938831	0.037518924165881755	0.010376067296528683	3.5150366672163707E-6	2.029608935286735E-5	0.1732731021012641	0.029855967678322923	0.024284539644444866	8.005937503334151E-4
63	file:/C:/mallet/hist-data/texts/neh-brown47-brown47.txt	0.122655479145635	8.780233192740722E-6	2.236720483064557E-5	0.0012876903795147497	3.953624524615821E-5	2.9817746556939055E-6	0.017650550170293256	0.008667216317864298	2.877025156645839E-4	2.608336133305742E-5	0.07473628269028869	0.30312867968465623	0.020647327080546327	0.2490246103217285	6.940406043887617E-6	0.006948353954087358	0.18605534813728536	7.233932267235164E-4	1.4588869304146047E-5	0.00806608828110576
64	file:/C:/mallet/hist-data/texts/neh-brown52-brown52.txt	0.08802405951984223	2.4277951707643883E-6	2.4008514072000457E-4	5.204610080293137E-6	0.016578880868121336	8.244813036841036E-7	7.573006312271709E-6	0.04087316990203458	1.5849163214317605E-6	0.05536365300308724	0.1753902490775888	0.08861213460275522	1.7348458416367276E-4	0.04437544527643358	1.919070246383136E-6	0.014824776275949495	0.02622332423929838	4.408959163122208E-5	0.40367723406992234	0.045579879969017134
65	file:/C:/mallet/hist-data/texts/neh-brown55-brown55.txt	0.08644777282685377	9.866876354547495E-5	0.0013583816565865994	4.301733535880103E-6	0.0057121014600920225	6.814533306142112E-7	4.895699357270564E-4	0.05978475712959587	1.3099708885555422E-6	0.02842462827449718	0.18163136534279317	0.10252865499066484	0.010067368139651442	0.037643978170744524	1.586157024103344E-6	0.017762770411010705	0.03465914532698492	3.644109202751352E-5	0.3969302742518687	0.03641624291257706
66	file:/C:/mallet/hist-data/texts/neh-brown80-brown80.txt	0.0810138471788008	0.0017055305973456326	0.013089199054343194	0.0589950513555022	0.0865216091183208	8.186411473360403E-7	0.012742212085440683	0.018791453090694257	1.5736896761768606E-6	0.007864737502757973	0.1033522825777907	0.1553351111873936	0.016158359347837346	0.033377907607588	0.19953789630304664	0.025751338720200755	0.11839312582291951	0.025474455457334746	0.012932234434742725	0.02896125622711701
67	file:/C:/mallet/hist-data/texts/neh-brownbox-brownbox.txt	0.19553070154676253	8.283873820405375E-6	0.037531386948191144	1.7758637017135078E-5	8.353923567754135E-4	2.8132105909297344E-6	0.026096817502640857	0.06896518877917376	5.4078890100551716E-6	0.009734717859873282	0.1396792316955584	0.15377527283763978	0.037304139356003324	0.20994003022286267	6.548054780307888E-6	3.7808966873123755E-5	0.09812252643757945	1.5043798515805248E-4	1.3764139271135615E-5	0.02224177170041823
68	file:/C:/mallet/hist-data/texts/neh-browne-browne.txt	0.131678075297971	1.1857454973838293E-6	3.0206273381130003E-6	0.3629175568619121	0.006916736897140848	4.026801788277598E-7	0.0024026962163782454	0.06956095209693362	7.740798789364733E-7	2.256214661420363E-5	0.21589263871703912	0.05555912637623962	0.01876263993349975	0.017122676957216205	0.03840393739066783	2.4451601005753208E-5	0.05981651094863099	5.961287009662856E-5	0.002001134791813689	0.018853307763947134
69	file:/C:/mallet/hist-data/texts/neh-brownhal-brownhal.txt	0.04214624732204778	0.0017450782987244765	0.0018725880859841756	0.041901764804749414	0.15502365691778114	0.006319539931127929	6.046898576623334E-6	0.03655849741207211	0.007067207017187421	0.0022158110102643994	0.197258047060199	0.044047678659204934	0.07126485142979776	0.024849583401213363	2.1942480927414227E-4	0.3232056342558301	0.008612327266437032	0.008688648449157444	0.004952492803537334	0.02204487416683343
70	file:/C:/mallet/hist-data/texts/neh-brownj-brownj.txt	0.1121216047511765	6.513759445934948E-6	1.6593476340154155E-5	1.1855618221714177E-4	0.014986021719151046	2.2120782447137843E-6	0.011316280845549182	0.013019227498728938	4.252320699893384E-6	0.012988788812505018	0.13514362344690228	0.2039625144515449	9.88419295255165E-4	0.17606181936569032	5.148853616367949E-6	0.029943112092156735	0.0664871038603031	0.0016871757848243264	0.15961858965787487	0.0615224417477734
71	file:/C:/mallet/hist-data/texts/neh-brownrw-brownrw.txt	0.25532437423215043	1.3130605673127245E-5	0.029340177356412634	2.814886670410324E-5	0.004275920771529267	4.459164847969158E-6	0.0015168365944443227	0.1426280494483632	8.57193864302463E-6	0.08922422897031616	0.29055825045673006	0.019201811125345056	0.13461069558596264	0.006602696489771029	0.017299240194561364	5.99302507114992E-5	0.00920929003351281	2.7616526918811834E-5	2.181726679058019E-5	4.4754120611872105E-5
72	file:/C:/mallet/hist-data/texts/neh-brownsn-brownsn.txt	0.026846027754335	1.4700895804106663E-4	0.07364561270814524	1.8476263135092448E-5	0.40898224276040995	2.797075585029018E-4	1.6527435611498811E-4	0.05376132719034727	5.59187753953907E-4	2.560327321975629E-5	0.19431384417755876	0.058272433310549904	0.047253409096075866	1.8214682104398066E-4	6.812661525050206E-6	0.1118587259452991	0.008120619346044756	0.001540420511396589	1.4320347826028593E-5	0.014006799206474766
73	file:/C:/mallet/hist-data/texts/neh-brownww-brown.txt	0.09564329826158016	0.12851436724602802	0.0021878811339471962	0.010700538534419607	0.044415853406700415	6.59543587358797E-7	0.004652588319022368	0.06201016183962672	3.245262044512298E-5	0.05906971826848222	0.19824467773064422	0.046935351075663656	3.258875468585074E-4	0.04563317428840421	0.001186556308701202	0.12733626811198906	0.0408108527235846	4.084689365704724E-6	0.06284053259963061	0.06945509575131906
74	file:/C:/mallet/hist-data/texts/neh-bruceje-bruceje.txt	0.04819475900273381	0.0022031753353300176	1.1414118824990097E-4	8.155098567194284E-4	0.1951744473269737	1.5216174970063018E-5	0.09438855508293184	0.0197678063999925	0.0014681631991606146	0.03970320839786461	0.1274156161923579	0.007247087672175168	0.0010433671046165224	0.03907812595520211	7.548737346381917E-4	0.39158879807881103	0.010560968421789206	9.42369075800094E-5	0.0022328171539160706	0.01813912681398734
75	file:/C:/mallet/hist-data/texts/neh-bruner-bruner.txt	0.013105506637873666	1.1337766609317525E-5	0.006400699890539887	0.012039732730669396	0.007697233481478271	3.850315177936974E-6	2.17417753062724E-4	9.96921834771162E-4	7.4015351723571196E-6	3.977848602915622E-4	0.0031130584006734082	0.5008381458584252	0.012461493799255577	2.3961341305330918E-4	8.962028931595168E-6	0.026813380925958318	0.2901323524403418	0.11708323581670839	0.00839322707086824	3.864344013780784E-5
76	file:/C:/mallet/hist-data/texts/neh-campbell-campbell.txt	0.07982225430486478	2.36160166973005E-6	0.0568488931057792	0.004745129171718166	1.0633984398658003E-5	8.0200193446655E-7	0.0037614991693130646	0.02553856915886338	1.5417037961638232E-6	1.5869771612643294E-4	0.06644055746056181	0.42755676347002447	0.08211502359112965	0.05988850935843419	1.8667470603629027E-6	0.006343507536387157	0.17051646220025246	0.007854517028671956	4.184447056362785E-5	0.008350566218450267
77	file:/C:/mallet/hist-data/texts/neh-capehart-capehart.txt	0.026881905585058603	7.613979712357904E-5	1.9396232430761827E-4	0.08696684506031353	0.001565433770588536	2.5857139824084382E-5	0.016131122885905395	5.819877906895872E-4	4.970567889121758E-5	2.2618782401382666E-4	0.01846085287081361	0.15902545896803666	0.020111806735328048	0.0016091455474991038	0.4463041452920826	0.0027926869798125865	0.16710197287269105	0.04539582768945844	0.006239441670161427	2.595135174004937E-4
78	file:/C:/mallet/hist-data/texts/neh-captain-captain.txt	0.19557879999963976	2.3334242362952286E-5	0.015046676080695225	5.002301449507688E-5	1.0507105089847907E-4	7.92432854120493E-6	0.19678022296696335	0.063124739057956	1.5233089683444546E-5	0.1379518648712299	0.12030995416781373	0.03824479813776058	0.046629110368162974	0.10577846173694656	1.8444739811610927E-5	8.558629953405498E-4	0.074441248123884	4.9076999826853785E-5	3.877120398417548E-5	0.00495038282400351
79	file:/C:/mallet/hist-data/texts/neh-carolinatwin-carolinatwin.txt	0.11478610318811122	1.0405730062490362E-5	2.6508076791463546E-5	0.053991118251476164	0.04666387803288255	0.19800056436395502	0.043809017186279955	0.05404834887275113	0.0015105679976074812	0.006547270178652133	0.20837305034243367	0.03660405428574113	0.0042523773531125166	0.009910909567341985	8.225293136460301E-6	0.10213710163574118	0.02333843529167844	0.006705329589183895	0.08924126805955446	3.546670350662994E-5
80	file:/C:/mallet/hist-data/texts/neh-charlton-charlton.txt	0.05113446168137213	3.4619116065112635E-5	0.0017558408227999766	7.421507490131228E-5	0.03795596011158821	1.1756681242910904E-5	0.01122565623539492	0.16480611907341616	2.260009524109163E-5	0.0017704930593008801	0.10900865465539025	0.11788787373498842	0.014147353838316524	0.1841731828233691	2.7364959118740088E-5	0.00960802604398104	0.24607798289749774	7.281154994047999E-5	6.134051316499155E-4	0.049591622414425086
81	file:/C:/mallet/hist-data/texts/neh-chesnutt-chesnutt.txt	0.07110353682954101	0.0013034750542646	1.7143965991518182E-5	1.4427191198449269E-5	0.0968539452862712	2.2854640836278215E-6	0.01028689189442426	0.016909128414625784	4.393391714284007E-6	3.4417861756560076E-4	0.22488801882813428	0.02551054460601427	0.0026421416698712134	0.00867913525916102	5.319667168278101E-6	0.10074459339647653	7.217569109015583E-4	1.4154350094554275E-5	1.1182044475325021E-5	0.4399437471580226
82	file:/C:/mallet/hist-data/texts/neh-clarke-clarke.txt	0.11590175743676058	5.701547551201355E-6	0.002394836318180122	0.009075718102821047	2.087742414518885E-4	1.9362503948598573E-6	0.002306546254560258	0.05707951617715849	3.7220915010194994E-6	1.6937537041561484E-5	0.11481341464955183	0.239594232465891	0.017985107256998183	0.22716563316297114	4.506834182557576E-6	0.0018570319660386376	0.1925927847732879	0.004131762212960229	9.473453634992398E-6	0.014850607267062459
83	file:/C:/mallet/hist-data/texts/neh-clarkes-clarkes.txt	0.11526897576216845	2.2383535380973612E-4	0.0015465788112385595	0.0043223284318348225	2.0497727632837603E-5	1.5459132341569756E-6	0.014706174294151959	0.03278108724317404	0.0010993877693075127	8.661742711901991E-5	0.09254481053624085	0.27052771812176546	0.021449568052579467	0.24657052916103958	0.0056318672382055105	0.0022867032161975357	0.1822008878220098	0.003079539044563183	7.563658804866117E-6	0.005643784414922645
