0	file:/C:/mallet/hist-data/texts/church-hatcher-hatcher.txt	0.017992116084787943	0.00160386637931708	1.1208487427594692E-4	0.04694707486691928	7.443443961195353E-6	0.06516704447415642	0.05848682819586704	5.494727317277848E-6	0.0870939378880483	0.007602418864244086	9.404903847615985E-7	0.008232388703948055	0.011346986751302732	9.495726479052099E-4	0.045623523243595344	0.04090190883663175	0.08575821357468649	0.5220027369892466	3.2740485044397445E-6	1.6214491490016336E-4
1	file:/C:/mallet/hist-data/texts/fpn-ball-ball.txt	0.01711430733898285	6.936006976175344E-6	3.159441173328987E-5	0.11660758353840697	3.869369761348784E-6	0.16675276514429926	0.043259139521838956	8.287036282624637E-5	3.0668853363220554E-4	1.1133834151524842E-4	4.889007124400254E-7	0.6375370066766279	4.206524176087975E-6	0.0036408395699345196	8.594442364690334E-5	5.228359442306209E-6	0.014441593467859455	1.622789703900824E-6	1.7019681139957027E-6	4.274749809938091E-6
2	file:/C:/mallet/hist-data/texts/fpn-brownw-brown.txt	0.04438714361181025	6.719711083403484E-4	0.08186857060677935	0.10761771027474452	0.049065579980389525	0.11568096384228913	0.10543452980532877	7.771498051378675E-6	0.02833718845396149	0.002552492346220068	1.3301877910360284E-6	0.04190381575518628	5.919781601879132E-4	0.3174433407912571	1.6135319310979954E-5	1.4225178487864869E-5	0.02877013201774998	4.415242188489652E-6	4.630668657999597E-6	0.0756260751512675
3	file:/C:/mallet/hist-data/texts/fpn-bruce-bruce.txt	0.03134381593890942	0.11010628705433334	2.27838601310554E-4	0.015028443862759972	0.0057248492297811305	0.12463681686774529	0.216369349500845	5.830996888828261E-6	3.538414810629267E-4	6.394582887452137E-5	9.980470714667988E-7	0.04118669790057067	8.587242824920017E-6	0.1474160588945236	1.2106417074361083E-5	0.1978715992841327	0.10744953332386344	3.3127800192833087E-6	2.2126299690027585E-4	0.0019688237505083445
4	file:/C:/mallet/hist-data/texts/fpn-burton-burton.txt	0.02374097831869833	0.06794615906221294	0.0016840609996339273	0.04878748487666258	2.1844066661950218E-5	0.0438360176663823	0.3039905565008877	0.008448036860958751	0.14673013984282088	0.001833106166979553	2.7600308092272324E-6	0.08769983770716169	0.08750483068113414	0.03711661022938504	3.346191684958519E-4	0.11461317245428321	0.025064603847857258	6.114406689648938E-4	9.608258510211842E-6	2.413259149957719E-5
5	file:/C:/mallet/hist-data/texts/fpn-burtont-burton.txt	0.035584491724178116	0.17389451832060385	2.8474334914061713E-5	0.018977272292336988	2.2379853933102927E-5	0.07807776458365892	0.25791752010868	0.010197878768098937	0.05376047159533486	9.524902570658405E-4	2.8277283400239655E-6	0.047428598162178766	0.012982421941529312	0.005786032563132154	0.021014068705377954	0.2286480067002223	0.05468082794893074	9.385972077474481E-6	9.843928117313132E-6	2.472451128930773E-5
6	file:/C:/mallet/hist-data/texts/fpn-ferebee-ferebee.txt	0.00838407170314286	0.24229085028063668	0.00783327261081433	0.03328566682406278	5.3643708481090724E-5	0.10025532713447573	0.21554727485590375	3.959961973621187E-5	0.006470409359880451	6.450771014404384E-5	6.777963573372289E-6	1.6744479152837335E-4	4.2808079785196284E-4	0.056021882103728306	0.15760120774031391	0.027065175137818344	0.01866006856069042	2.2497838968955656E-5	2.35955431975754E-5	0.12577864571505087
7	file:/C:/mallet/hist-data/texts/fpn-grandy-grandy.txt	0.04264322917689766	5.553834421440883E-5	3.94203050882691E-5	0.09845707816891285	0.00622434072298252	0.08972554328883474	0.2035124041576994	2.2871563907286004E-5	3.200912751535062E-4	0.07264903779280767	3.914750395642828E-6	0.10410240786410385	3.368269213688582E-5	0.3653029427291097	4.7486338456982024E-5	4.186478291917394E-5	3.128623442828595E-4	1.2994083407416127E-5	1.362808475852547E-5	0.016478661533930745
8	file:/C:/mallet/hist-data/texts/fpn-hortonlife-horton.txt	0.11745857039852156	0.022710869800852258	0.019749982253482148	0.1692915470922315	0.006644026422189542	0.18681154179368448	0.018841249952582267	7.780575632928882E-5	0.3607133722328938	1.2674543872546781E-4	1.3317415311348344E-5	0.04028727153435514	1.1458365276377685E-4	0.006907394157468057	1.615416634354893E-4	0.004501502403672648	0.03739001633231405	4.4203994594257E-5	4.636077560131088E-5	0.008108096928991582
9	file:/C:/mallet/hist-data/texts/fpn-hortonpoem-hortonpoem.txt	0.047375830611903084	0.014620672713460585	0.012306864075530631	0.16438178182354768	2.2266502317029934E-5	0.0792171256290379	0.027156091503857574	1.6437063163160668E-5	0.5151610573389352	0.016909760141861612	2.8134061921620883E-6	0.031686728155549765	0.05727287126520049	7.790495767231781E-5	3.412691619028247E-5	0.004788018793159939	0.022940132009858238	9.338433112002323E-6	9.794069652466168E-6	0.006010384589797786
10	file:/C:/mallet/hist-data/texts/fpn-hughes-hughes.txt	0.0014562960850883614	0.017916599796515154	0.00634730664097146	0.053702973965911	9.931497988886345E-4	0.11879197378823646	0.3800915427702209	3.141583238906923E-4	0.0012609656309639481	1.0731562809627385E-5	0.002892290234072109	0.18069476458047615	0.04325411331013671	0.13757674863682665	0.002843326313321121	0.030830622078601374	0.019405542599314526	0.0014800811337575864	3.925376567958005E-6	1.328873734295777E-4
11	file:/C:/mallet/hist-data/texts/fpn-jackson-jackson.txt	0.010898284880883822	1.7910116222788456E-4	2.623619251508661E-5	0.08755945833751255	0.004995436936425796	0.05417348799290955	0.13843261399307458	0.0072642400451724985	0.07526169242154991	0.04138684004056319	1.4474306827815428E-4	0.1043933684168949	0.01778961818696247	0.40885989975795695	0.016945979574863473	2.786311526027779E-5	0.004045940943828871	0.011663931850571907	9.070174737003575E-6	0.01594219290781111
12	file:/C:/mallet/hist-data/texts/fpn-jacobs-jacobs.txt	0.037139784132665284	4.275076680171177E-5	8.544551353288121E-4	0.2986323132016669	4.459822758407706E-4	0.14158486775691206	0.14989035916092278	0.008417704621465382	0.009686319649389775	5.918924560112556E-6	6.219141087538002E-7	0.01351859102935007	0.1655047019925598	0.12965498671082323	0.0033324590952955703	6.650819726930266E-6	0.03404526430712735	0.007228665724140767	2.1650162411511513E-6	5.437765072840331E-6
13	file:/C:/mallet/hist-data/texts/fpn-jones-jones.txt	0.01399970062032901	8.211860799110102E-4	2.8816626032022313E-5	0.5192494378780653	2.264888305162937E-5	0.06559024392847261	0.12285405603630493	0.07573365937071465	0.02287101314169849	2.723576770416354E-5	2.8617205754077564E-6	0.0010074011936288545	2.462237521721312E-5	0.1368380870827286	0.03953241571484605	3.428383673464362E-4	0.0010092924241524525	9.498801222922201E-6	9.962262370617672E-6	2.502172562761585E-5
14	file:/C:/mallet/hist-data/texts/fpn-lane-lane.txt	0.041645316330119156	0.16111235528612486	2.2490889388369673E-4	0.015962426225991224	1.0245886110531823E-5	0.06646692070677561	0.034671845513106925	7.563481446861844E-6	0.01811504427758275	8.294518064711829E-5	1.294583182267971E-6	0.0013738431345362428	1.11386531367249E-5	3.889692231601989E-4	0.44311245382981845	0.17939952277571652	0.03689871294539636	4.297061152851851E-6	4.5067213875362525E-6	5.056892907240838E-4
15	file:/C:/mallet/hist-data/texts/fpn-mason-mason.txt	0.024529461405278872	0.007696749943577693	0.024332669883309805	0.1543072663854317	0.01745771799671355	0.18774636994184946	0.3453274237316561	1.4148297529577823E-5	0.0017833306432846277	0.0043826855454192435	2.421655710825398E-6	0.13111318559132734	0.0012098282170723822	0.07814421030798586	2.9374941206604114E-5	2.589745970816501E-5	0.018424749365211133	8.038110507769346E-6	0.0030469658738098574	4.1750470340939477E-4
16	file:/C:/mallet/hist-data/texts/fpn-northup-northup.txt	0.03575775699297549	0.005532131090037354	0.031175230571594496	0.14118931630888035	0.0011154704755962995	0.21226557997993303	0.03539543700470069	3.3050393397818264E-6	0.010261220713879641	6.710575304590358E-5	0.0018522211933949372	0.34466878466835965	0.04058698356208374	0.05615168696221729	6.8619801137658015E-6	0.00139479126251008	0.04192348506897198	0.004939625687939336	3.283024177161407E-5	0.0356801754426546
17	file:/C:/mallet/hist-data/texts/fpn-robinson-robinson.txt	1.5218926168412156E-4	0.0713806240691081	0.006270664740642181	0.06874901755163813	8.256352428471365E-6	0.04633281572841882	0.2665652265942537	0.031705268726357046	0.15067060163667476	0.004221308817069827	1.0432025971662448E-6	0.08322898928378261	0.032391076223050944	0.13701257024195299	0.03649231390333325	0.03256398822328988	0.02779880726929889	0.004442485221719093	3.631611719183692E-6	9.121340980885515E-6
18	file:/C:/mallet/hist-data/texts/fpn-roper-roper.txt	0.06599076665294709	0.0033509764036402166	2.9093689940838765E-5	0.1024549649466651	2.2866645813364135E-5	0.12107208893099931	0.11000722380814142	1.688008723653122E-5	0.012215240099004989	0.015158866708908536	2.889235229194145E-6	0.15989646238469282	2.485911256163524E-5	0.37946756062610093	0.020998297638970757	3.08978078927509E-5	2.3090435293049468E-4	9.590129575969805E-6	1.005804677473185E-5	0.00900951269197331
19	file:/C:/mallet/hist-data/texts/fpn-steward-steward.txt	0.13569037078085525	0.020085092361716277	0.03620743654570558	0.21328967982371852	0.04401561568904216	0.2160123926630854	0.06598283213030877	3.3860236003624847E-6	0.02897705128460793	0.0027245880083443335	5.795597224093764E-7	0.054427378369419965	0.004810788554410973	0.08259996161340302	0.006172368207953532	0.0012708826129117765	0.06482979333587827	1.923710737968968E-6	0.005123990751443917	0.01777388797313366
20	file:/C:/mallet/hist-data/texts/fpn-veney-veney.txt	0.013294126821271506	6.441086469562699E-5	4.571789046318194E-5	0.131276129981884	0.013410758303038305	0.08820798985900671	0.3093383589385324	0.026528494659526915	0.03430365533335507	2.9089179716772673E-4	4.540150802433972E-6	0.04890550646984816	0.1318058640595593	0.11628855677309854	0.018878901139533052	2.962348411381931E-4	0.057825057330208325	0.009179302309603064	1.580523754999137E-5	3.9697239717513644E-5
21	file:/C:/mallet/hist-data/texts/fpn-washeducation-washing.txt	0.038963339853070364	0.01813205665222816	7.10196050228015E-6	0.010389165905377197	0.004699616305223589	0.10061909372967685	0.08275866499992095	4.120539989003259E-6	9.614332249373785E-5	0.016974492462966062	7.052812661872203E-7	0.0040573711197605415	6.0682723949239965E-6	1.9529674507174248E-5	0.007665217817049861	0.6640595081845322	0.049843910534736705	0.0015798443798149652	2.455235175376056E-6	1.215937693138611E-4
22	file:/C:/mallet/hist-data/texts/fpn-washington-washing.txt	0.025567689914138658	0.021194907127006717	6.933364395315061E-6	0.04458716541415555	0.011086328762145886	0.11092651768600521	0.14464994101856313	4.5477035652517783E-4	1.873633413138706E-5	0.01642127940104655	6.885383293944292E-7	0.026686244957243553	0.0017337901517962236	0.004902165437704229	0.005454885973081399	0.5631414093606079	0.021427977577706887	0.0017301513757179486	2.396949425670851E-6	6.020300273289114E-6
23	file:/C:/mallet/hist-data/texts/fpn-williams-williams.txt	0.0423126319239738	0.006509913685524131	2.0625104455997478E-5	0.18671779797332275	0.0018040328227107473	0.121810371037994	0.029379927025610816	1.1966634799084168E-5	0.014693530349289632	3.547102884894844E-4	2.048237212992003E-6	0.2677769740436739	0.010744556300710929	0.22923317465579712	0.013545250689472977	2.1904080113083043E-5	0.03379709781479231	6.798636565287654E-6	7.130352518844926E-6	0.04124955834297201
24	file:/C:/mallet/hist-data/texts/nc-jones85-jones85.txt	0.027838333845043868	0.004732958973670464	1.4995248467729025E-5	0.3442902673316805	5.804551947302883E-4	0.08498635625299839	0.14492408890378028	0.09660126685485565	0.021243768653894823	1.4172620468456019E-5	1.489147654752011E-6	0.002717658565129311	8.251976119365361E-4	0.14521442011361146	0.1250441022680911	1.592511322565505E-5	9.313958831495318E-4	4.942871671548381E-6	5.18404199652361E-6	1.3020503943122833E-5
25	file:/C:/mallet/hist-data/texts/nc-omarsaid-omarsaid.txt	0.13573574295627885	0.15196811286294026	1.0861430970278516E-4	0.013545053841545513	8.536713477345269E-5	0.06068725673298367	0.08528346261726794	0.03301513003239367	0.12209864251529295	0.22547156656549558	1.078626639061663E-5	0.008504495144259775	0.001858097260389936	0.03501608239472618	0.04249784005753957	0.007764947044118095	2.735954145417752E-4	6.242330237857391E-4	6.259798803599636E-4	0.07482499394521364
26	file:/C:/mallet/hist-data/texts/neh-aaron-aaron.txt	0.05360923982834413	0.006343961256980101	0.0010546938059604273	0.10221358769874164	0.029218345275717875	0.03429154442932389	0.14745955937282157	0.0050854265007955176	0.24972969855726912	0.014826842906425384	1.898274666111728E-6	0.0335996479123608	1.6332842380207962E-5	0.18272866069428537	0.009861024656709674	2.030036369782019E-5	0.06808567570872616	0.001456111159589332	0.02071818384437505	0.03967926491082973
27	file:/C:/mallet/hist-data/texts/neh-adams-adams.txt	0.13123833205090735	0.03632814922501235	0.0018376767160563133	0.07696445971266233	0.0021230759835227544	0.024999465883391657	0.33663805564301985	0.052922445731911	0.13148335915950723	5.183785141959708E-5	5.446714320805194E-6	1.345572212197749E-4	0.010149567204793842	0.05363572337232536	6.606922372474153E-5	0.05473170160601826	0.020343563650719085	3.152174095320987E-4	1.896117936459622E-5	0.0660123344605711
28	file:/C:/mallet/hist-data/texts/neh-adamsh-adamsh.txt	0.25695291135474735	0.032068530560126506	0.001315313461737673	0.09656992326892179	0.05168261942032586	0.12357347707845333	3.2548313601215906E-4	3.1880578920572227E-6	0.060236739532741106	0.11904985033555453	5.456754485550267E-7	0.0010256131432493669	4.6950166122450725E-6	0.047704417544021376	0.01125915232052349	0.012359807171019905	0.10980046155158654	1.8112399451559187E-6	0.06832085130188846	0.007744608829192634
29	file:/C:/mallet/hist-data/texts/neh-aga-aga.txt	0.052845739675059476	3.567098727547859E-4	0.019302426567158474	0.09597313775243739	4.106966811172567E-5	0.1863116929085575	0.08122830416539482	3.031750201405343E-5	0.09101334690689496	0.21491528659373207	5.1892145847800654E-6	0.19885792104338715	0.016463913283138478	0.017695320710594462	6.294572455322796E-5	5.549404691410873E-5	0.024760522842206922	1.7224364344828203E-5	1.8064767621013745E-5	4.537239053980259E-5
30	file:/C:/mallet/hist-data/texts/neh-albert-albert.txt	0.01302346857430801	0.04436344715932038	1.5954369036551558E-5	0.04295965312132221	0.00208697090672699	0.017989995468568058	0.24823455660719262	0.022828001183793523	0.10428328792021012	1.507912440766484E-5	1.5843959694938606E-6	0.0334893463837444	0.15127424915435217	0.19089155416191092	0.060696334943516	0.04617304053532484	0.021648848026070696	5.2590258119372425E-6	5.515621784561536E-6	1.3853316628765202E-5
31	file:/C:/mallet/hist-data/texts/neh-aleckson-aleckson.txt	0.02303716968416797	0.020823577514287574	0.003137299399258686	0.07043474073228198	0.014573009807612275	0.153357971191742	0.2389930616461432	0.012016815490498078	0.003639710748659266	1.110341846449208E-4	0.0029325000019658595	0.13249457310223242	0.09266496470226072	0.006382225890169572	2.1021326527188464E-5	0.05088152159361509	0.04343821750372161	0.13103940003473255	6.03290186099919E-6	1.5152543617950857E-5
32	file:/C:/mallet/hist-data/texts/neh-alexander-alexander.txt	0.06362118101955949	0.277182850831583	1.246076874179237E-4	0.058631395004790456	0.017834004342428815	0.12250323800073856	0.06034226855449223	2.1577548706125995E-6	0.010809439391246154	3.514978847842128E-6	3.693263725940489E-7	0.01983486861760929	0.008082571616806684	0.042905562652787235	0.015296898876008795	0.10999250669033292	0.14437060843862717	0.0022578147154519133	0.011143193024432067	0.035060948475596244
33	file:/C:/mallet/hist-data/texts/neh-allen-allen.txt	0.14971983156839147	0.0010325796614516754	0.003648330169738387	0.14063728677872409	1.813577482879119E-5	0.1701537618861789	0.08649782144555485	1.3387772903412283E-5	0.1465726875005997	0.04815020278361517	2.2914825362560277E-6	0.004056891562892573	1.9716020947764176E-5	0.01993985429850175	0.20404218349191636	2.4505373075691075E-5	0.015309199371059661	7.606031596775382E-6	7.97714159797668E-6	0.010145749883888753
34	file:/C:/mallet/hist-data/texts/neh-allinson-allinson.txt	0.22542616891081949	4.7685348576624847E-4	6.98533705668247E-5	0.1979306159256554	5.4902361538510484E-5	0.16391470872117989	0.024195013871715066	0.12946656711217466	0.08306684501586413	0.02239390507785379	6.936996287855703E-6	9.282509994523129E-4	0.04206638289481126	0.032737818662024167	0.022790469021469806	7.418502186638295E-5	0.026666667653176195	0.015539012764953961	2.4149170145227184E-5	0.012170692962678933
35	file:/C:/mallet/hist-data/texts/neh-anderson-anderson.txt	0.05986214485303921	0.0018117603273676856	1.4796997605258844E-4	0.220467413996268	1.1629934326951739E-4	0.1283706105254819	0.17550704218650476	0.006499007395883537	0.24730635558466554	1.3985245498485983E-4	1.4694597644489341E-5	3.6301963156621633E-4	9.280774403213302E-4	0.05411708048281755	0.07473118065224191	1.5714568702920672E-4	0.02362041985575297	0.005660286356735882	5.11550423277103E-5	1.2848361004506265E-4
36	file:/C:/mallet/hist-data/texts/neh-andersonr-andersonr.txt	0.018146387895474087	0.0029535382342698834	7.759360473565983E-6	0.03825467788339377	6.098592101863014E-6	0.03779710884517568	0.5196614802289571	0.001812102945881211	0.04092319537760894	7.3336878216092974E-6	3.370684238188385E-4	0.003760349960097454	4.866722019525291E-5	0.007125629697701571	0.318693604262321	0.006313825351356144	1.456572375786482E-4	2.5577117416001057E-6	2.6825064384693905E-6	0.004000274577593363
37	file:/C:/mallet/hist-data/texts/neh-andersonw-andersonw.txt	0.057573507307208616	0.0892728742240881	0.015003590801595927	0.11510483796855232	0.0023231835433249	0.08759230773218285	0.1382680552060877	1.3711735501218155E-5	0.10249092690121203	2.2336392752669133E-5	2.3469327325379706E-6	0.06509916415797773	2.762607738578324E-4	0.24934685198728893	0.019873711951383658	2.509836373807223E-5	0.019136570770573093	0.002312398997221915	0.011275147078129617	0.024987117174590318
38	file:/C:/mallet/hist-data/texts/neh-andersrob-andersrob.txt	0.021625141383016397	0.0055303115995643465	0.005051436963978027	0.031785868275917194	8.602989826758148E-6	0.063636741015272	0.5488166153857723	0.007774637150906217	0.019657844958815878	1.0345279806900269E-5	1.0870007558931819E-6	0.007913739827669708	0.009971735227844326	3.0099723286866565E-5	0.21977860211596426	0.030728970931121657	2.0547164200406329E-4	0.019157474632114924	6.308397906036737E-5	0.008252189917301969
39	file:/C:/mallet/hist-data/texts/neh-armistead-armistead.txt	0.2840906777876585	0.00800312416298866	8.031671962915975E-5	0.11258110028874128	0.011196335112889401	0.12125764592229454	2.9783176483706724E-4	4.0350601860633805E-5	0.10347073728053803	0.17133450800877217	2.380517874455316E-7	0.008161467062532495	6.698121934974681E-5	0.011356882096282592	0.004379372524185214	0.011184010219559866	0.08931490133359488	7.901563238347406E-7	0.0608690330718163	0.002313696614358207
40	file:/C:/mallet/hist-data/texts/neh-arter-arter.txt	0.05029536600669893	0.14775278231883626	7.771102673369232E-5	0.025258016251090334	6.655373555924696E-4	0.07276142406396609	0.08875517220631692	0.013914651336694924	0.15642791000452427	1.1444727036735873E-5	1.2025220363421495E-6	0.01741423959794476	0.006832955395593126	2.957066113351156E-4	0.07230799962919711	0.29574671235117994	0.05139687449863198	3.99148606176204E-6	4.186236816913185E-6	7.611637371227624E-5
41	file:/C:/mallet/hist-data/texts/neh-arthur-arthur.txt	0.029903947091763302	2.810078520451897E-4	0.21199155952311705	0.11780282021145343	1.567650218836433E-4	0.13197468172257903	0.08097133222279401	1.1572345444236863E-4	0.032956155513743264	0.04016967583972862	1.980749724416964E-5	0.1398831130998583	1.7042461568434855E-4	0.15398970024029138	0.02293227821753491	0.0023729675338559427	0.0015829923739415321	6.57462788864836E-5	6.895414113713318E-5	0.03259034754801597
42	file:/C:/mallet/hist-data/texts/neh-auntjudy-auntjudy.txt	0.008312451514737135	9.973581334960494E-5	0.007741161980605848	0.2381722858031062	5.5639324127567275E-5	0.09823217733176157	0.1625864643930932	4.107277703606489E-5	0.004793524254614543	0.0039020929596790235	7.030112623862298E-6	0.0661388641926072	0.25279921047212844	0.14631523491355305	8.527601346409961E-5	7.518081848153466E-5	0.004780542533422989	0.0050090759103931055	2.447332805856787E-5	8.285055531564643E-4
43	file:/C:/mallet/hist-data/texts/neh-ballslavery-ball.txt	0.028938829324076234	5.004860492551832E-6	3.552376836784277E-6	0.11014185811216244	2.7920467664131244E-6	0.1661482233839018	0.03533330200814255	2.0610802900521547E-6	0.0017416868319532657	0.01445666197916221	3.527793251760521E-7	0.6100497877376663	3.0353295105069154E-6	0.009632474725016226	1.389971353787214E-4	3.7726619513995662E-6	0.02339212400031519	1.1709671147493087E-6	1.2281004045381032E-6	3.0845595329980456E-6
44	file:/C:/mallet/hist-data/texts/neh-baquaqua-baquaqua.txt	0.06717405353394083	3.013577455082987E-5	0.003381980427476474	0.13384640358746583	1.6811755694932204E-5	0.16294623739970193	0.1246818208753309	9.394698329976645E-4	0.07225255737993942	0.1736120979335618	2.124190719305909E-6	0.14305139631605876	1.8276634474076673E-5	0.0430512020060688	1.4164909010306502E-4	8.338933515482984E-4	0.06019686206494826	7.050746175450052E-6	0.013797404035955384	1.857306328785337E-5
45	file:/C:/mallet/hist-data/texts/neh-barber-barber.txt	0.057814375315226776	0.005826958286195386	0.0023401232663763302	0.0611005589290336	0.001060245088598328	0.14029831338844556	0.05181579001966809	1.241614132317389E-5	0.007361808512250173	0.1909670990591581	2.1251758014574683E-6	0.0821353098381929	1.8285110166135463E-5	0.018260826236559488	1.4171477911543897E-4	0.004544237528413371	0.027762650236158253	7.054015921499445E-6	0.030498611093372284	0.31803149798002356
46	file:/C:/mallet/hist-data/texts/neh-barrett-barrett.txt	0.07130418646773178	0.05151965200779888	0.08503160106517942	0.1633759245989832	6.320192682150348E-5	0.16734691268536406	0.12238798781486149	4.8230258486923273E-4	0.12176284966415822	0.03057129992627603	7.985658894446022E-6	0.09647529310705835	0.024464947578600512	0.002835010541703662	0.004888985188291669	5.210466561401006E-4	0.035489974096999354	0.0039473305576900415	0.00961203638329882	0.007911471489279322
47	file:/C:/mallet/hist-data/texts/neh-bayley-bayley.txt	0.11334206849876223	2.887096486097376E-4	0.0016461653561656584	0.22615040982614645	2.6236517470674514E-4	0.0967213438949749	0.19703205786913458	2.45380238164012E-5	0.2429864592387702	0.05044740396341938	4.199985573043765E-6	0.00903962053870744	3.613686869887023E-5	0.06129259214469962	5.094627148080233E-5	4.491512012485969E-5	1.0653332231123326E-4	1.3940853778779309E-5	1.4621049515118777E-5	4.949723506039742E-4
48	file:/C:/mallet/hist-data/texts/neh-beard63-beard63.txt	0.077693358968608	5.644736481831168E-4	3.686909591863163E-6	0.09813391220896331	2.6256314989090736E-4	0.14349775404662354	0.00609082607950285	2.1391358631513506E-6	0.00979735013096512	3.4846485177914652E-6	3.6613949971028504E-7	0.004802867339790256	3.1502810655875393E-6	3.097525118862863E-4	4.441311053972746E-6	2.436066433001272E-4	0.10637221553500285	1.2153130384201213E-6	0.5521896603643208	2.3175634332279616E-5
49	file:/C:/mallet/hist-data/texts/neh-beardj-beard.txt	0.0886872203365001	6.384323107070113E-5	3.6147792578381854E-6	0.089771063696593	2.841092936322743E-6	0.1395937030738441	2.924552787570715E-4	2.0972860210303393E-6	0.015324053195079606	0.00538887469154508	3.5897638280822535E-7	0.003357644093740919	3.088649278891473E-6	1.6660815346671747E-4	1.2185532822292665E-4	0.0025496919089854865	0.11805834959707301	1.1915367745270177E-6	0.5366083063503749	3.13874409493721E-6
50	file:/C:/mallet/hist-data/texts/neh-bethune-bethune.txt	0.11811137411779316	0.06752259368515433	3.174607442487291E-4	0.20125858326282786	2.4951329354042676E-4	0.23929399057832523	0.005045735485768781	1.8418994180489231E-4	0.11436998614194811	3.00045087719191E-4	3.152638142617043E-5	0.08161320980526456	0.03982850073211882	0.01635190746688451	3.8241835811379023E-4	0.01237630860107023	0.1022726079891429	1.0464432936557759E-4	1.0975008743434928E-4	2.756539100484335E-4
51	file:/C:/mallet/hist-data/texts/neh-bibb-bibb.txt	0.05828624759211804	6.771052838474434E-5	0.026125702450671275	0.1569106649822196	0.009626572115602665	0.13853907892351186	0.15094137180155198	5.949103673805984E-5	0.011042720952076845	6.311083115801265E-5	9.85014680765002E-7	0.057951936535526716	8.475111536982781E-6	0.3266357799903507	6.568451316561378E-5	6.427003863368964E-5	0.05607182119082919	3.2695220961304912E-6	3.4290471169754033E-6	0.0075316778220302135
52	file:/C:/mallet/hist-data/texts/neh-black-black.txt	0.06341948967515758	0.0031643270518558384	5.187196226047349E-5	0.13826832191932195	0.007909395413676057	0.06186260172812348	0.2753832921260978	3.0095984726150694E-5	0.08528994818877052	4.9026305609666386E-5	5.151299167453369E-6	0.07235000337319583	4.4322014541577605E-5	0.2080991823057905	0.032661078507704173	5.508857515850491E-5	0.045937306739719665	1.7098513129456095E-5	2.989551268032881E-4	0.005103443189190067
53	file:/C:/mallet/hist-data/texts/neh-blair-blair.txt	0.032024823677030155	0.08170481756920105	5.439414750960318E-5	0.016213346176683838	4.275194064249795E-5	0.043358444285062026	0.428749458622008	3.1559350394739855E-5	0.03816156063144507	3.4609670665398495E-4	5.401772259424776E-6	4.281335403826988E-4	4.647709652454052E-5	0.06321250674309334	6.552407174262786E-5	0.03129454474572613	0.026658809126026226	0.004143542032628879	1.880472642128804E-5	0.233439003038564
54	file:/C:/mallet/hist-data/texts/neh-bleby-bleby.txt	0.0788655504327873	3.4293292964262525E-4	1.2034020338786375E-5	0.26534771844109806	0.002747677563549759	0.23204022492328774	0.028029831487346422	6.982108956889799E-6	0.026958342536598793	0.03384794010303869	1.1950741065283407E-6	0.01209072723255151	1.0282472480432085E-5	0.2619242034515539	0.015335484952237901	0.014747007569143714	0.027542896991789294	3.966764429108033E-6	6.935600504700069E-5	7.564494001546424E-5
55	file:/C:/mallet/hist-data/texts/neh-bluett-bluett.txt	0.14325166778283455	8.670121579223499E-5	6.153925592126402E-5	0.12036228517026094	3.817637832390018E-4	0.17507762434217558	0.10533106562499166	3.6910095631342073E-4	0.059844189885106494	0.31478401710712706	6.11133845681537E-6	0.050827173096049394	5.2582236664266735E-5	0.0011694148368487202	7.413118514746362E-5	6.535534375957646E-5	0.02816028175741234	2.0285135350441375E-5	2.1274878360115737E-5	5.3435068188704255E-5
56	file:/C:/mallet/hist-data/texts/neh-boen-boen.txt	0.29159411459091744	1.577584817191979E-4	0.027410580659545516	0.1443907894937185	8.800825905413963E-5	0.13718101429700277	0.1073343402543075	6.496742471521039E-5	0.16045441587435688	0.02012480954879677	1.1119976431814758E-5	0.026966681451135205	0.0019155838540693088	0.01001409004591199	0.027433492490925148	1.1891828401177321E-4	0.04456646530470852	3.6910118561920654E-5	3.8711020118740586E-5	9.722856999159606E-5
57	file:/C:/mallet/hist-data/texts/neh-boxbrown-boxbrown.txt	0.09845653144852186	0.0022481224581681726	0.00427051245575971	0.19920086349065536	0.035871780617807617	0.16238771756591988	0.023093341076920033	1.0350871738001513E-5	0.12840158966492318	1.6861551657845557E-5	1.7716794267260892E-6	0.014541514226473236	1.5243611128333565E-5	0.1549816393208818	0.006787105525360977	5.988563855291681E-4	0.15478421607880682	5.880668731192946E-6	0.011314409585225754	0.0030116917163642374
58	file:/C:/mallet/hist-data/texts/neh-bradford-bradford.txt	0.05114786994535309	0.064488371684939	3.110419505623282E-4	0.1362531322184063	0.04142674558491925	0.13509232485420275	0.12276619136607243	0.03194893246697703	0.007667070265531129	1.147105849516363E-4	1.7903679628874143E-6	0.04819611631044098	0.00792676913336872	0.11530155634392013	2.170596926092776E-4	0.006758457089076722	0.0421416870084774	0.16819569648883628	6.232654417593269E-6	0.020038243988974982
59	file:/C:/mallet/hist-data/texts/neh-bragg-bragg.txt	0.16704616406006134	0.196014541149834	0.004212923236172956	0.03800829165789955	0.1172827887263016	0.09756717995420658	0.029466187625878236	7.255519513723811E-6	0.03614383838681073	0.005431713394602745	1.2418716971906E-6	0.0024018832587980824	1.0685121099046262E-5	0.03451846482798769	0.11593305051562447	0.06633923557525892	0.08214289689725966	4.122097907586847E-6	0.0025110242732903185	0.004956511849795537
60	file:/C:/mallet/hist-data/texts/neh-bragg1915-bragg1915.txt	0.16693682924190037	0.11451160349943669	5.33409830901248E-5	0.030348474908611228	0.0029317335994623163	0.11505316628741243	0.030323859990134348	3.09483069928422E-5	0.016038097429042213	3.3939567807214583E-4	5.2971846409728614E-6	0.0018647488423736594	4.557721985358677E-5	0.005348339257340159	0.3751615168378576	0.0595867225380088	0.08133800837899223	1.7582745282022595E-5	1.8440634516337618E-5	4.6316436980000357E-5
61	file:/C:/mallet/hist-data/texts/neh-branham-branham.txt	0.0010726913799387297	0.04802366880484548	0.014729897507895178	2.33841585936337E-4	3.329388492643662E-5	4.897600540653733E-4	0.6363682415343099	2.4577442909131238E-5	0.0659788964489602	9.58007675393844E-4	4.206732637192345E-6	0.1033756691182327	0.014723731954226923	0.06070257729186504	0.008083274929269644	0.03745230815613114	0.0037785887210685896	1.3963249054452417E-5	1.4644537490799268E-5	0.00393815899084281
62	file:/C:/mallet/hist-data/texts/neh-brinch-brinch.txt	0.07651844594479144	0.0011609817030757107	0.004368631139239799	0.1168131410224285	5.101644859793401E-4	0.10075617181668813	0.06946829672094468	7.646647451665822E-6	0.1594023088819592	0.20393327943194783	0.009283419111273955	0.147118081146904	0.00343850185441092	0.04066332472679338	0.006870357549615033	1.3996648279983363E-5	0.030378558958762906	2.1854685570767455E-4	0.027565283762056123	0.0015108615916896466
63	file:/C:/mallet/hist-data/texts/neh-brown47-brown47.txt	0.030404755786925135	0.0037020218964476576	0.11196049460771203	0.14591221739948995	0.021871640185354754	0.13084408195870936	0.15661434025844956	1.509770904093887E-5	0.010784450409849948	2.4594141184678977E-5	2.5841592066420758E-6	0.053211568157944984	3.04185037901265E-4	0.3269935251554185	1.7232153260791723E-4	0.0010144631375026824	0.005422613077182441	8.577502235269731E-6	8.996011785793373E-6	7.274718750504658E-4
64	file:/C:/mallet/hist-data/texts/neh-brown52-brown52.txt	0.08738640647767874	0.0015694437367464243	0.22170154220876317	0.07075425360497238	0.22041357457435742	0.14127836136945712	0.04011056799889385	4.174832787003875E-6	0.03471400583740692	0.08888724925867215	7.145741485329596E-7	0.036700329366051894	0.016183949155248904	1.9787000167370612E-5	0.0030493147815037797	0.007492311080952141	0.028163600637144875	2.3718590327381373E-6	0.001561793699084045	6.247946930538908E-6
65	file:/C:/mallet/hist-data/texts/neh-brown55-brown55.txt	0.07619026222729541	0.0026504349663535117	0.2157523699418953	0.0814210421658217	0.19841663235348755	0.13265486158513806	0.055932123821776814	3.450609817122041E-6	0.05894680746758697	0.0697623422164603	5.906144503955111E-7	0.03800220007457968	0.03167753290671418	4.352170084722207E-4	0.0036158260045539513	0.00380829905337064	0.029367578258301618	1.9604042798249223E-6	0.0013553042261072882	5.164093537467724E-6
66	file:/C:/mallet/hist-data/texts/neh-brown80-brown80.txt	0.049918808908527554	0.01769894875746713	0.017192842656757516	0.060924807329562576	0.011694986608850105	0.09522324744185742	0.1528882190585289	0.002636189112526144	0.014302015627108396	6.752623152349369E-6	0.0011231988021383264	0.07684998454859944	0.03735790345132162	0.08602555033726837	0.014175195427776363	0.07327904364516825	0.06562556055020932	0.22132627773177904	0.0017442636905186638	6.203690882520746E-6
67	file:/C:/mallet/hist-data/texts/neh-brownbox-brownbox.txt	0.09691832199404546	3.4588940916899335E-5	0.02675883492574701	0.16054123202643963	1.9296030485645597E-5	0.1641477199906923	0.08059306293748207	1.4244270041831022E-5	0.06776659652964911	0.018245079191728148	2.4380825905891544E-6	6.02311043266703E-5	2.0977374545901465E-5	0.25770088762330123	0.04019750369698253	8.24111464973028E-4	0.07188529245658483	8.09263563049784E-6	8.487487792278097E-6	0.014253001236044347
68	file:/C:/mallet/hist-data/texts/neh-browne-browne.txt	0.04502217284588022	4.30302726266896E-5	0.0011649228009249953	0.2457429619897353	0.002135184216281279	0.10906070916942212	0.026977685805960924	9.349736710037913E-4	0.04532346547941874	3.321570284218427E-6	3.4900451965441633E-7	0.030528912427829295	0.32325533748529106	0.03155808672666058	4.233461924359717E-6	0.0027834967451989662	0.08618155055160244	0.04927533926177508	1.2149594978654686E-6	3.051554162427748E-6
69	file:/C:/mallet/hist-data/texts/neh-brownhal-brownhal.txt	0.11098878828795443	0.2725873515311819	0.0037409871333448294	0.06816874930876043	0.029232781413520263	0.08146356827569784	0.042424057835986476	0.0619460903065781	0.030270983443505647	5.430324205544439E-6	5.705758206979303E-7	0.002659891815170613	0.07007181654225955	0.01567268736403589	0.004831608230506256	0.15782006000673138	0.0461135796724267	8.423232540306946E-4	0.0011536857944071134	4.988883875645721E-6
70	file:/C:/mallet/hist-data/texts/neh-brownj-brownj.txt	0.08625003600252643	5.501323055021162E-4	0.15491235947121032	0.11421077023202374	0.18210079620498024	0.141310795075202	0.10238355301734746	1.1200684931959151E-5	0.016472296608213303	0.021563127213323412	1.9171354414854633E-6	0.04815729062936547	6.440159364297896E-4	0.10380319475816407	0.007344331232550366	0.006295710213683435	0.010716482310863676	6.363475397487005E-6	6.6739591671583034E-6	0.0032589535336760038
71	file:/C:/mallet/hist-data/texts/neh-brownrw-brownrw.txt	0.2824269652302472	2.656417794660231E-4	3.891336482369114E-5	0.18763170477819663	3.058457461528563E-5	0.20915938052676064	0.011791826317832245	0.02110434258968269	0.16159147834801016	0.031237791030912534	3.864407188078094E-6	0.013376979489020613	3.324953686765753E-5	0.007063990325256526	0.03862650589681821	4.132640697099132E-5	0.02265551003344233	0.01266188607185731	1.3452829268297576E-5	2.44606462762955E-4
72	file:/C:/mallet/hist-data/texts/neh-brownsn-brownsn.txt	0.05392342691018411	0.08638560836186095	3.023043589659309E-4	0.05646199036134116	2.0075728948476627E-5	0.08858227123455874	0.05741886894230617	1.4819841036291654E-5	0.042551932162188444	2.4141494699144792E-5	2.536598668782107E-6	0.003937327390011163	0.002789441094061811	7.621440067967283E-4	0.08887124546476641	0.41267868459670815	0.10523375238183742	8.419636334919646E-6	8.830443364920837E-6	2.2178991360327996E-5
73	file:/C:/mallet/hist-data/texts/neh-brownww-brown.txt	0.14175359106167829	0.10260440133231481	0.047811262228156605	0.0893435622868823	0.09714356624278361	0.11348378829710272	0.020829035881585786	3.3396692747833794E-6	0.04757158680669577	0.02838313802285567	5.716256075785688E-7	0.027300369401661254	0.013570081482842226	0.03824775986384634	0.001254305207190799	0.025234198133654354	0.08053231858696748	0.0018729543670359687	0.11797213327827477	0.005088036223588919
74	file:/C:/mallet/hist-data/texts/neh-bruceje-bruceje.txt	0.10980311459062661	0.3748896904510632	1.3275193704093976E-4	0.018712801626578027	8.235374470873839E-4	0.09934589994215079	0.0035483632405197084	7.702234686030889E-5	0.007550730994006606	0.06341497794833573	1.318332511353452E-5	0.001044883675913194	1.134299345454802E-4	0.030571410843365645	0.005913506833467208	0.12024721067167918	0.099583853999007	4.3758914055674246E-5	4.589397889745764E-5	0.06412397729968623
75	file:/C:/mallet/hist-data/texts/neh-bruner-bruner.txt	3.047607906593249E-4	0.04446398623140058	0.021513782428302906	0.002551945659970379	2.640896727106477E-5	0.022050698677207926	0.5650259459083831	1.9495017983867886E-5	0.004641686492981708	3.175734963450365E-5	3.3368128945961057E-6	0.1509898123208656	0.011132871854865457	0.1739362424156872	4.047589513159588E-5	0.0031302867126887773	8.463880587443673E-5	1.1075757247660649E-5	1.1616160509622802E-5	2.9175740439779945E-5
76	file:/C:/mallet/hist-data/texts/neh-campbell-campbell.txt	0.017961638002939664	0.006190791272692716	0.006832566276175587	0.09734088682443176	0.002584048757448936	0.09560094168037232	0.39515989352549197	0.008232661129991721	0.04415758075263428	6.615375941611538E-6	6.950917503703469E-7	0.07339201614918696	5.9806013330178085E-6	0.16580468406574353	0.07740277645649862	7.433389692112114E-6	0.007374075464225684	2.3071918429772663E-6	1.540990281967053E-4	0.0017883089634094388
77	file:/C:/mallet/hist-data/texts/neh-capehart-capehart.txt	0.002045589648365628	0.007648803446279047	2.2553148796985743E-4	0.019572640005928406	1.7726004042988865E-4	0.022157018945280268	0.24550950247667847	0.0013526957166165438	6.094636131641156E-4	2.1315900097032688E-4	2.239707378679453E-5	0.1508399809025373	0.07105959381663682	0.0018420317295519911	0.014933793720195307	2.3951683692336815E-4	5.681054468070174E-4	0.43993778678984724	7.79690118300031E-5	0.020967160290201677
78	file:/C:/mallet/hist-data/texts/neh-captain-captain.txt	0.14485239941827674	9.741936116980004E-5	0.003815256754415408	0.14835305142244976	5.4347051779956394E-5	0.1551391850894178	0.0010990229972200236	0.004160839732678383	0.060873839161518256	0.1075787080715373	6.866832061295108E-6	0.0016680841908227248	5.908253832319246E-5	0.18187647773087992	0.0184392339890271	7.343467770218785E-5	0.037635277475898364	0.0018958477745605413	2.390491344174784E-5	0.13229772081681956
79	file:/C:/mallet/hist-data/texts/neh-carolinatwin-carolinatwin.txt	0.09701452010459886	0.09577582515688923	0.004541788410924493	0.06482718406338811	6.925270089596474E-4	0.16375317140230605	0.03540824389002506	1.7892536705306382E-5	0.05237693898985517	0.040126477690632115	3.062528449304613E-6	0.024134056065272025	0.2974148867548388	2.5187551864926604E-4	3.7129321882030863E-4	0.04263616497907354	0.02146292461872	0.0010125986047323419	1.0661317597405965E-5	0.058167907139563
80	file:/C:/mallet/hist-data/texts/neh-charlton-charlton.txt	0.057059097420907465	0.019595061024223922	6.58308028803294E-4	0.1739539393151261	0.015085325990374057	0.05286884748224924	0.05275752000745728	5.951567088519368E-5	0.12476066340601209	9.695092205594108E-5	1.0186841489686626E-5	0.05915901107310861	8.764805187228991E-5	0.28537143620380545	1.2356747018284764E-4	0.041232939941892095	0.11529444693923031	5.8954253822852E-4	3.546257748581615E-5	0.0012005290946097585
81	file:/C:/mallet/hist-data/texts/neh-chesnutt-chesnutt.txt	0.09105624590126586	0.06583438109903805	3.4411422911664804E-4	0.04787098406059229	0.41549211103863826	0.1344365147691263	0.013175710946481133	1.1572248400593814E-5	0.008914514989757533	1.885117206965865E-5	1.9807331141999464E-6	0.0010214392184049186	1.7042318653365034E-5	0.00329653642211865	9.965331123428696E-4	0.06182938000681429	0.14743902104447915	6.574572754981198E-6	6.895356289989584E-6	0.008229596760541136
82	file:/C:/mallet/hist-data/texts/neh-clarke-clarke.txt	0.0316451883355695	0.0036856585592784197	0.0015731847863052187	0.1838266807721726	0.008252447072466742	0.10748761810705582	0.15745355211082793	9.80411583716626E-6	0.05259323314003769	1.5970887267490983E-5	3.6786324679621835E-4	0.06476468166698555	1.4438409929302622E-5	0.3296131037497559	0.002583651535403459	1.794574183476137E-5	0.04810436628478218	0.0014703106443791209	5.841809600468126E-6	0.00651445902371438
83	file:/C:/mallet/hist-data/texts/neh-clarkes-clarkes.txt	0.022926993039017667	0.005939439090481464	0.007249574119437348	0.1700127808252107	1.0603855378137528E-5	0.11352127936435771	0.18433253674920427	7.827733253379528E-6	0.03519358736416918	1.2751363552416872E-5	1.339813139795488E-6	0.0510511362113223	2.308030447545913E-4	0.35701717630094637	0.006813784236402859	8.741985671696248E-5	0.025323727886980486	0.004682318785629044	4.664176559006589E-6	0.01558025618348621
