0	file:/C:/mallet/hist-data/texts/church-hatcher-hatcher.txt	0.003971988876989683	6.228004453870719E-6	0.003838047849449067	0.09437376982985242	0.016427917150824436	3.5423818394551346E-6	0.0020572314419332605	0.4951808749250408	0.0027204700748393175	0.01981684715318922	0.014910124308106244	0.07010808553951668	0.00796878460825773	0.002163764237662205	1.8387228135526343E-6	0.16346214460535716	0.06131541417265869	0.005905295187822077	5.8389516516755534E-5	0.035709241412877374
1	file:/C:/mallet/hist-data/texts/fpn-ball-ball.txt	0.0674636115587107	3.237506948523416E-6	0.07019450665619692	3.590201234048029E-5	4.8097408288988554E-6	1.8414382816363383E-6	2.5463185383281594E-6	2.1891244659575365E-6	5.867560360782181E-7	3.2822758359117337E-5	0.021539973632208192	1.0870115628868814E-5	0.41283188947777105	4.582048646243865E-6	9.55824281979351E-7	0.02957562861288482	0.30845848601334513	2.5147244231024914E-6	3.0352654183866586E-5	0.08980269302592006
2	file:/C:/mallet/hist-data/texts/fpn-brownw-brown.txt	0.29683672183959725	0.014450013406567479	0.07560250823858437	0.014248612356244765	1.3086465807550744E-5	5.010232352761912E-6	6.928088575324103E-6	5.956225811606723E-6	1.5964608232892136E-6	0.01917491726144689	0.10011590337145247	0.0026420549334015874	0.005102442055071644	0.04732736883505542	2.6006311419098205E-6	0.027930266056551786	0.12061223548592874	0.013069238351027575	8.082729566048696E-4	0.2620442667479527
3	file:/C:/mallet/hist-data/texts/fpn-bruce-bruce.txt	0.1122951415824034	6.609158311710572E-6	0.004617420333466609	0.0018156402929501135	0.19852867230514312	3.759175599647617E-6	0.030115161391091175	4.468954164299479E-6	1.197824002991373E-6	0.020267360601474455	0.10136105473690157	0.0012745037476788407	0.04221448001963612	0.03387625655724409	1.951252645391172E-6	0.18778595574036547	0.0404572421699077	5.133645143275959E-6	6.19629547894166E-5	0.2253060275570806
4	file:/C:/mallet/hist-data/texts/fpn-burton-burton.txt	0.020992896947795252	1.8277916087036847E-5	0.01638358374990787	0.13963923356949676	0.1313324080191887	1.0396164371649343E-5	0.010554935053138882	0.01296218916260076	3.312634617167824E-6	0.012984557322436785	0.00701677933309766	0.06029313694245435	0.06825941591465592	0.016589604905141497	5.396274447515511E-6	0.044101617736131964	0.10601367357228347	1.4197319949677027E-5	0.005441640940358333	0.3473827465218387
5	file:/C:/mallet/hist-data/texts/fpn-burtont-burton.txt	0.005154897702819334	1.8726262658885764E-5	0.011694452994254291	0.03522764411230428	0.2854329524592926	9.362894425991042E-4	0.022384319755518318	1.6693529359299722E-4	3.393891603321108E-6	0.0871998491735366	0.05131098751745659	0.046499060867764425	0.03275397569042643	9.521415752274874E-4	5.528641897818852E-6	0.15471726610311015	0.056932656992948825	1.4545571889261889E-5	1.7556465010851933E-4	0.20841881130099074
6	file:/C:/mallet/hist-data/texts/fpn-ferebee-ferebee.txt	0.010877946758354578	0.10729286434244464	0.061687409506522524	1.279855323913459E-4	0.054800139209857955	2.553281027322896E-5	0.0085411802668164	3.035371872692279E-5	8.135776634633742E-6	0.33921078000267896	0.0423808965098751	0.027887266661489836	0.0015945635593499299	6.35332608830573E-5	1.32531621014403E-5	0.05246994380671235	0.02516195284477121	0.0026236125883189777	4.2086045907383044E-4	0.26478178922272294
7	file:/C:/mallet/hist-data/texts/fpn-grandy-grandy.txt	0.24186475535529778	0.0013074254322293837	0.13643778835874143	5.010823873481217E-4	3.851583689883785E-5	1.4746020427678418E-5	2.0390618331338987E-5	1.7530250356832494E-5	4.698673086335752E-6	2.628407751066196E-4	0.037291331547865486	0.0056402126573371555	0.054103155957039586	0.007298525037322348	7.654128041051598E-6	0.012575668064163239	0.05724850027239235	0.08182254526245601	0.0032332268093318572	0.3603094065562265
8	file:/C:/mallet/hist-data/texts/fpn-hortonlife-horton.txt	0.0010276917084621033	0.005175372504096307	0.14520465426645907	0.3701605909075526	0.003038001314999954	5.017469430542906E-5	6.938095918769084E-5	5.964829338637961E-5	1.5987668463114964E-5	0.03505097460672574	0.0265975012278466	2.9618409380438327E-4	0.013307804093427337	1.2484963107945967E-4	2.604387648300847E-5	0.14380630033091021	0.18970614298226637	6.85200967362544E-5	0.021902405975721302	0.04431177076808664
9	file:/C:/mallet/hist-data/texts/fpn-hortonpoem-hortonpoem.txt	0.003747362441800663	0.006465279322814393	0.09943242288621904	0.5288317400279975	0.007395277015725161	6.245636934969868E-4	0.0026240112036712794	0.0010870394308812035	0.009980331804017797	0.004793638997017748	0.0034686846432780125	8.300141144785002E-4	0.021690164682552582	2.6369063641580444E-5	5.500638091728374E-6	0.05094071360386904	0.1969356182819558	0.001242404831101328	0.02166350175213683	0.038215361565252855
10	file:/C:/mallet/hist-data/texts/fpn-hughes-hughes.txt	0.1022645613031445	6.89827105019894E-5	0.009153757340344095	2.673518060309842E-4	0.02141855539422815	4.247109518849716E-6	0.08606633138469119	0.007140869737837009	1.3532993046369557E-6	0.0033360345813410624	0.0052041373359338425	0.012266694410399577	0.15959089089311576	1.0568077472573136E-5	2.2045215670952885E-6	0.07670265711601883	0.16424926203189164	5.799982622904808E-6	6.236468926262443E-4	0.3516220940714091
11	file:/C:/mallet/hist-data/texts/fpn-jackson-jackson.txt	0.3129225025238605	1.7254250865980063E-5	0.0576834130047949	0.038712941165825	2.563345073282937E-5	9.813921196389619E-6	1.3570571289444742E-5	0.020054271568688643	3.127108606898608E-6	0.0018806820486076082	0.022970605781862677	0.06459227621664325	0.0650050925288312	5.93004497548424E-4	5.0940529880835575E-6	0.006948024937684655	0.09282686395653099	0.05303390954995131	0.0037154173810574893	0.2589865014824337
12	file:/C:/mallet/hist-data/texts/fpn-jacobs-jacobs.txt	0.11316457075116865	7.197472011550695E-5	0.1240687350059703	0.003981340156498539	6.118327843623313E-6	2.342438711698493E-6	3.2390958610869905E-6	0.03718808320375472	7.463948517519801E-7	7.824659825007695E-6	0.022345057348738376	0.03268667649138847	0.0017409139528900225	0.0049254165342652425	0.0717254138635084	0.09530020145777886	0.252087765250724	3.19890592949683E-6	4.682513981871524E-6	0.24068569892619435
13	file:/C:/mallet/hist-data/texts/fpn-jones-jones.txt	0.1354273616696447	9.557175208333746E-4	0.2104294621923643	5.4031834319492784E-5	2.8154768330467725E-5	1.0779222843530046E-5	1.4905378708028536E-5	1.2814472625067388E-5	3.434692398190587E-6	5.043898797843093E-4	0.0016547237238052517	0.27484836306539984	4.866841061906478E-5	2.6821927148092115E-5	3.178504843654683E-4	0.04994203948367484	0.12771842420898946	1.4720436311664859E-5	2.1547569815365616E-5	0.19796578905801948
14	file:/C:/mallet/hist-data/texts/fpn-lane-lane.txt	8.767643103980392E-4	8.572905889434259E-6	0.02456411236238868	0.022554259750023904	0.12968278440501105	4.876121454154676E-6	0.0017724023397694068	5.796793126720992E-6	1.5537277162139423E-6	0.5220159213013689	0.03140038812741798	0.08131975652559413	9.264217557514738E-5	8.596499022067355E-4	2.531019005220147E-6	0.15275636315456828	0.013633595548847098	7.72853684798416E-5	5.041320385398975E-4	0.017866612122619228
15	file:/C:/mallet/hist-data/texts/fpn-mason-mason.txt	0.025949763550634646	4.123897752784845E-4	0.07752708904784152	0.005726779722153929	6.844130329769735E-4	0.006086531534716743	1.261315658823317E-5	1.084380028053514E-5	2.90648858371221E-6	3.0469508731785152E-5	0.01619742436562509	4.501978055829385E-4	0.06900657560997123	0.024200219485470364	4.734663459410186E-6	0.08652110698376113	0.22949334184123008	0.015205981639391696	1.8233879024536404E-5	0.4424583841086969
16	file:/C:/mallet/hist-data/texts/fpn-northup-northup.txt	0.10444751036812963	0.024384194297737263	0.07794965068602804	0.0076642893872239425	9.814925551622855E-5	2.1306990558527956E-6	0.0023175458203137204	0.010526245464957477	0.12307565049603611	0.0011181251341393348	0.06578395894274006	1.257763854396479E-5	0.1094747465685086	0.0024433466388553726	0.0015441723127855031	0.08717952812041248	0.2871658275330633	1.2635505527350754E-4	2.2028853642004287E-4	0.0944657070442596
17	file:/C:/mallet/hist-data/texts/fpn-robinson-robinson.txt	0.0840824630999752	6.908189484470297E-6	0.006761340407315066	0.09244464177173035	0.03501108924683961	3.929259388710529E-6	0.044453637043756974	0.012240732352851415	5.816393207738994E-5	0.023574657061379962	3.40633877935027E-5	0.14651445757966342	0.06176716581671197	0.016571143727134297	2.0395370137453056E-6	0.059636823702656876	0.1097852571972884	6.227782932901028E-5	0.01059347029095599	0.29639573856665363
18	file:/C:/mallet/hist-data/texts/fpn-roper-roper.txt	0.27197515283604823	1.9133611119296892E-5	0.1476673345412955	6.850670242570824E-4	2.8425486668600977E-5	1.0882868991859762E-5	1.5048699345787703E-5	1.2937688440320898E-5	3.4677182148878905E-6	0.0072872830545647254	0.04249652310358388	0.02055600096030906	0.06562276441166003	2.7079829733467144E-5	5.648905284393339E-6	0.011487908711840458	0.09537152472630374	0.05518498172096824	2.1754757536562862E-5	0.28152107934383386
19	file:/C:/mallet/hist-data/texts/fpn-steward-steward.txt	0.07330255178001908	0.013441292482758806	0.18185788222826985	0.02223807285184892	0.0011123155542319626	0.006167603265111297	0.0031331549884563293	2.5950688632673157E-6	6.955622410874255E-7	0.01183225183569563	0.12380159422101722	0.008170211230340283	0.00889438469894774	0.06036331614030566	1.1330693487245357E-6	0.12314650796726541	0.2441518560254386	0.019258063082798586	0.004209496473578459	0.0949150214734631
20	file:/C:/mallet/hist-data/texts/fpn-veney-veney.txt	0.07193785645446617	2.777755918593123E-4	0.033391911140526254	0.03526023995212295	4.4669572343213576E-5	1.7102015152851613E-5	0.0015098955528027199	0.056002304941736455	5.449387427266795E-6	0.0020387901988871407	0.018478640966975556	0.07540414024645369	0.02063696740698513	0.007473790391190351	8.877040038153509E-6	0.12283323217890478	0.13649650385906614	2.335503482143757E-5	3.4186774950171634E-5	0.4181243112932902
21	file:/C:/mallet/hist-data/texts/fpn-washeducation-washing.txt	1.5933733547370712E-5	4.670405089372095E-6	0.0012236855951101569	4.750314773604328E-4	0.5324806846105555	2.6564461046922E-6	3.114838346740862E-4	3.494448656299416E-4	8.464501916727503E-7	0.012744534378080026	0.05742969360369845	6.313022198720864E-4	0.015056233718187463	6.610031625392536E-6	1.3788654857212893E-6	0.2759090284192006	0.02231773604044895	0.018049020232619735	0.0031218918605506137	0.05986813321196768
22	file:/C:/mallet/hist-data/texts/fpn-washington-washing.txt	2.033699628746649E-4	7.968532771455293E-5	0.00957116195522356	8.81253635691984E-5	0.467364356188935	4.015628117489591E-5	7.87118950959082E-5	9.045926078684493E-4	8.263556741986889E-7	0.004328396231595981	0.02676726614641335	0.005987809738977848	0.023338269107980186	0.0034622397677275037	1.346131561304011E-6	0.23446308390891712	0.0675019659290075	0.02205296298788342	8.030994571422605E-5	0.13368536416609114
23	file:/C:/mallet/hist-data/texts/fpn-williams-williams.txt	0.3531578110104126	1.25308097624722E-4	0.07406443007324749	0.006966809545970196	4.671276389798693E-4	7.714936254868648E-6	1.0668120351193853E-5	9.171611059279112E-6	2.458287883251928E-6	0.013211581411270067	0.06465500471347159	0.030551696539444145	0.08630132220757716	4.661736940703749E-4	4.004545511986151E-6	0.0508301207568888	0.22215166002674686	1.0535752849428655E-5	0.002697281853579976	0.0943091191768062
24	file:/C:/mallet/hist-data/texts/nc-jones85-jones85.txt	0.10556606247807417	9.861382462483597E-6	0.16311652915826785	3.530806545880541E-4	5.020980387739594E-4	5.608984772853276E-6	8.899731330649074E-5	6.668030049057755E-6	1.7872473406048296E-6	0.019516642712899233	0.006466686094117206	0.30428169305253217	5.127723433043238E-4	0.010819046689812352	2.9114219556582284E-6	0.05726530684569326	0.11642185902574398	7.659801111862456E-6	2.5493614169349416E-4	0.21479979258350096
25	file:/C:/mallet/hist-data/texts/nc-omarsaid-omarsaid.txt	0.034381191355375595	0.003014327456837958	0.1123025648777931	0.018449570554108768	0.01952917158803276	4.063596870336869E-5	5.61909250308206E-5	4.830853913136857E-5	1.2948248201617394E-5	0.10137093998636615	0.11689047514502784	0.12913818340914865	0.006657816411248903	1.0111443171509456E-4	2.1092667615185025E-5	0.05819814544276231	0.0011996767159760684	5.549372138825269E-5	0.27082653322502126	0.1277056193305149
26	file:/C:/mallet/hist-data/texts/neh-aaron-aaron.txt	0.18531602774733702	5.303828275582174E-4	0.10084944237513971	0.1897621643890433	1.8675582207831967E-5	0.01999469402484693	9.887015305305152E-6	0.0016654985418253256	2.2782954378498423E-6	0.007376814671109521	0.07183073097400272	0.1263883400487257	0.011941959119369999	0.052213243083049504	3.7113382174552743E-6	0.022978369356497823	0.04381085992884756	9.764339569299693E-6	1.429290437564663E-5	0.16528286343753332
27	file:/C:/mallet/hist-data/texts/neh-adams-adams.txt	0.007255280226506653	6.304235376346793E-4	0.11465141912494864	0.05716056072998958	0.05859718397996144	2.0517321872894972E-5	2.837110402384682E-5	9.159180536661281E-4	6.537641023940799E-6	0.01284708679730223	0.1401475770406937	0.14573716042941404	9.263612601839132E-5	0.03452342318308827	1.0649802734562676E-5	0.07574395461837843	0.01011534260466618	2.801908210823946E-5	6.35365148597676E-4	0.3408525734473704
28	file:/C:/mallet/hist-data/texts/neh-adamsh-adamsh.txt	0.027727248625191932	3.613474721344342E-6	0.145415622807903	0.08235130208613718	0.017211838963609036	0.07668694880242462	2.8420194356449977E-6	2.443344846942118E-6	6.548953060724264E-7	0.014831817686334639	0.19283150365122215	0.007781836334418515	9.279641369114062E-6	0.056923404688451425	1.0668230017405044E-6	0.140952533596867	0.08576557172103336	0.040280237242649085	0.11092332947534773	2.9690411972937145E-4
29	file:/C:/mallet/hist-data/texts/neh-aga-aga.txt	0.032676576332331245	3.4366766420559E-5	0.17633102358066416	0.08107161871860746	3.341809381378238E-4	0.011910780553920891	0.0042738987126733794	5.894871884082572E-4	6.228529531635494E-6	6.529536569104954E-5	0.02395192473127474	1.1538839320551357E-4	0.1277774520983652	4.863933824911837E-5	1.0146260798873244E-5	0.04583205536148197	0.18262620337467536	2.6694289227782097E-5	0.1945456770250185	0.1177723624413164
30	file:/C:/mallet/hist-data/texts/neh-albert-albert.txt	0.13634819248017813	1.0492155591442034E-5	0.0062929828638463555	0.03685241306451589	0.039690533724963006	5.967757682119574E-6	0.00675039987224599	0.10788145821169502	1.9015667680831582E-6	0.027766465680178473	0.011720837299659136	0.2176855867621652	0.013338364423145774	0.026464813732809973	3.09764804958323E-6	0.05444538860988524	0.01590786135639951	8.14975236696386E-6	2.7124286830027233E-4	0.2985538501695539
31	file:/C:/mallet/hist-data/texts/neh-aleckson-aleckson.txt	0.012613590253752997	9.569226344264807E-4	0.016243110675913643	0.004665407047823143	0.050882067733982426	1.0107210720392641E-4	0.03763779431141388	0.15959911858543113	2.0799114571245974E-6	0.008719911501717675	0.030689052217050716	0.01771838037253461	0.10100315115958634	0.008147081642236252	3.3881711526555603E-6	0.1285693182614615	0.2053545841993686	6.707266099552425E-4	0.00814388770374817	0.20827935489978355
32	file:/C:/mallet/hist-data/texts/neh-alexander-alexander.txt	0.0590428212489141	0.00505966542070261	0.01520799878878656	0.027328048396361517	0.11327729631066753	0.004857127944268134	0.1911890077810366	0.002258261721276614	4.4324722031188915E-7	0.05321626955804097	0.1363353612443969	0.0038162375241716003	0.006836549557128686	0.04906453736713008	7.22048739243779E-7	0.19456956740884487	0.08031183833849788	1.899673018859255E-6	9.698984347697482E-4	0.05665644798602712
33	file:/C:/mallet/hist-data/texts/neh-allen-allen.txt	0.005927495469649897	2.6520568040687734E-4	0.35989481752843977	0.039548134715706736	2.2544239090008926E-5	8.631197889348436E-6	1.193511583461647E-5	1.0260874153926816E-5	2.7502455611275983E-6	0.09329032859155562	0.11358881894922375	0.1770727732188326	0.0017891857959992242	2.147699925582533E-5	4.480143921998367E-6	0.0568669417994633	0.06763812165089875	0.01101314324468942	1.725368719161441E-5	0.07300570085223555
34	file:/C:/mallet/hist-data/texts/neh-allinson-allinson.txt	0.012268716452307909	0.0015599403457745881	0.345495398888279	0.026625930236491346	6.825538928453186E-5	2.613198740384163E-5	4.146341565334465E-4	0.04090897542245105	8.326698481742622E-6	8.7291040301406E-5	0.08690285032587552	0.140198948210689	0.0035244789047621044	8.220225147335224E-4	1.3564173367121919E-5	0.11691061314602458	0.1514141485556447	0.014040155600293229	0.0030802308970030315	0.05562938705429823
35	file:/C:/mallet/hist-data/texts/neh-anderson-anderson.txt	0.047645117329033065	9.733965605838543E-5	0.11371454552321393	0.04678863656961806	1.4461081488288953E-4	5.536512255795365E-5	7.655822046930229E-5	0.007283060544189391	1.7641546921801843E-5	0.02424241381113165	0.04217958856225277	0.35878316651491665	0.001051890411872992	0.0025435122360449	2.8738040825690696E-5	0.1859477854540674	0.044937969478046416	7.560830426574382E-5	1.106743835776471E-4	0.12427577747605334
36	file:/C:/mallet/hist-data/texts/neh-andersonr-andersonr.txt	1.4352261545593167E-4	0.0021490396113405127	0.042702329618214276	0.008422143877983181	1.7573269115676578E-4	2.9023470183261706E-6	4.013330281619984E-6	3.4503458138552397E-6	9.248040777577442E-7	0.19910155877388058	0.008895174275393275	0.17691294413907044	0.004469129823743016	7.221906571005934E-6	1.5065037924493305E-6	0.030052086641009924	0.013453761638414231	3.963533833356518E-6	5.801765666560882E-6	0.513492791757283
37	file:/C:/mallet/hist-data/texts/neh-andersonw-andersonw.txt	0.19902834506339	0.011667250076127374	0.13236898606554115	0.03986498402357488	7.913342859172333E-4	0.003850062485185158	0.04213762975865239	0.005132139070757005	2.816800681971412E-6	0.021156252567985572	0.05718280923978028	0.0743158167956737	0.03896430023490746	0.056616006982204474	4.588562066305462E-6	0.029049814446819887	0.0755489405964919	1.2072270303872925E-5	1.7671221266487507E-5	0.21228817945267286
38	file:/C:/mallet/hist-data/texts/neh-andersrob-andersrob.txt	8.385914717119447E-5	7.198232428052815E-6	0.019202000880015564	0.0010286461760468325	0.016259272228775025	4.094230827574909E-6	5.661452767879127E-6	0.02123476156177471	1.3045860266586572E-6	0.12324194541959052	0.017529400857861067	0.16084951293165378	0.006363733270222788	1.0187669610207645E-5	2.125167745262153E-6	0.07738115310009891	0.034159864584178794	5.5912068075247375E-6	4.2329399559963397E-4	0.5222063933007981
39	file:/C:/mallet/hist-data/texts/neh-armistead-armistead.txt	0.01095314364559657	1.5763729632313894E-6	0.22010857603626544	0.11054705788269792	0.010456613952443988	0.07075229300488944	1.2398267442873254E-6	1.0659055489773429E-6	2.856971015022471E-7	2.497418338430022E-4	0.20475566486991273	0.020342423223237448	0.002068929291794653	0.006846207896659565	4.653999449791163E-7	0.1163850010022569	0.07733613674225939	0.013909951597237043	0.13493332839185976	3.5029742674323115E-4
40	file:/C:/mallet/hist-data/texts/neh-arter-arter.txt	2.2397919488373775E-4	7.96324758189417E-6	0.030361686481458535	0.1042015770213834	0.3116956003338726	4.529358292230354E-6	6.263141752428382E-6	7.098838125110042E-5	1.4432350755548914E-6	0.11436259581353969	0.02582156874522216	0.12716694881451857	0.026130772269655524	0.008802182870912889	2.3510267385400625E-6	0.14805992328491008	0.05084547441591997	6.185430178160524E-6	6.650923909552064E-4	0.05156287454189773
41	file:/C:/mallet/hist-data/texts/neh-arthur-arthur.txt	0.10747312082111293	0.18607439936708206	0.23221665413073525	0.0025362591229732864	1.9495026203298222E-4	7.463788347297618E-5	1.0320836068419974E-4	8.87304333940461E-5	0.022726147070595476	2.4931967069957397E-4	0.03848432201654809	0.005845916569341037	0.016552966170507846	0.013158501040574448	3.874183679706125E-5	0.004193938803715966	0.09085082720858556	1.0192777587494418E-4	0.0012302654336358463	0.2778051660216364
42	file:/C:/mallet/hist-data/texts/neh-auntjudy-auntjudy.txt	0.08147794208867777	4.656051052673038E-5	0.11921824411793346	1.327475312452293E-4	4.527523741276585E-4	0.005780192331507136	3.6620119429337335E-5	0.15998460758162417	8.438487091711911E-6	8.8462950642517E-5	0.004448970824951407	0.010896587348782624	0.023517989150650627	6.58971633480913E-5	1.374627676493532E-5	0.024119339770419763	0.28386434793051585	0.013461487944447478	5.2938915240419294E-5	0.272332126582073
43	file:/C:/mallet/hist-data/texts/neh-ballslavery-ball.txt	0.079665377598267	2.3361020100876593E-6	0.09518480164827653	5.262907503876472E-4	6.1207290908904E-5	0.0017334298918540154	1.8373581741422663E-6	1.5796160893455101E-6	4.2338811224438003E-7	4.438492500970898E-6	0.040504194958187266	7.843596747203106E-6	0.40031382226162665	3.306288827485527E-6	6.896982962278901E-7	0.034851404366284235	0.2764440811647613	1.8145606706128032E-6	2.6561286572234727E-6	0.07068846483936081
44	file:/C:/mallet/hist-data/texts/neh-baquaqua-baquaqua.txt	0.0787360102925597	2.458431457213049E-4	0.16998508086066902	0.056361721852591896	1.3678639401960388E-4	0.010553818011138208	1.1063738969801423E-5	9.51173284064539E-6	2.549451502005349E-6	1.4261469069481422E-4	0.03298158230433271	0.014649131011786429	0.08834285598553501	0.002337670946257207	4.1530508448328884E-6	0.12224797385238977	0.15170195579064236	1.0926462726245453E-5	0.1476574316220123	0.1238813188027662
45	file:/C:/mallet/hist-data/texts/neh-barber-barber.txt	0.036221868839948865	0.12534720653413992	0.0981799712886968	4.012453223035853E-5	0.0024556867054958994	0.026906512492198633	1.1068869970979826E-5	9.516144072015474E-6	2.5506338544358226E-6	0.011620923359062172	0.15230103527454217	2.7913617948165245E-4	0.030296962815988985	1.9918207365869296E-5	4.154976894320948E-6	0.0526236203983048	0.08962748197427135	7.065825923860071E-4	0.3054068177812981	0.06793886039979674
46	file:/C:/mallet/hist-data/texts/neh-barrett-barrett.txt	0.013252259395121946	0.030989523657911022	0.09490296188617253	0.10211096616547012	7.85754232065298E-5	0.04490998785239494	4.773257418499761E-4	0.0022143992831865837	9.585673218984454E-6	0.03495866768236557	0.05167660830029044	0.030242761041061394	0.028022368469007866	7.485567816217357E-5	1.5615040423040714E-5	0.09014301038910733	0.2862894647633487	4.108236656034383E-5	0.0558332213455182	0.1337567598456222
47	file:/C:/mallet/hist-data/texts/neh-bayley-bayley.txt	0.0090316208709123	2.781473631932138E-5	0.4280013076915857	0.05438710473881671	4.1322435765307615E-5	7.03261085821518E-4	2.1876456129584527E-5	2.479545042306908E-4	5.0410592739358925E-6	5.2846792664314485E-5	0.05100775097785535	0.14926798720969522	0.004654367024349005	3.936623980242086E-5	8.211874381608928E-6	0.04809321456770152	0.0834182212658445	0.011937241081198606	3.162512506382023E-5	0.15902186426258855
48	file:/C:/mallet/hist-data/texts/neh-beard63-beard63.txt	6.819505062780622E-5	2.4245737301221873E-6	0.0792945532247506	0.019182362781081926	2.0334629427665307E-4	0.5569882822917908	1.906941709999832E-6	1.6394385422243415E-6	4.3942246107447525E-7	2.458101215935931E-5	0.08030915271323365	8.14064563140669E-6	0.0013644875166864635	0.0035389051222403196	7.158182149252227E-7	0.14141653687661915	0.11637177739369822	1.8832808304957603E-6	2.4244984699966802E-4	9.782197547150515E-4
49	file:/C:/mallet/hist-data/texts/neh-beardj-beard.txt	7.718721445381209E-4	2.377139217801144E-6	0.08165995887519112	0.024995510059245777	3.5315518186144696E-6	0.5556481480352887	1.8696341829427193E-6	1.6073644638968431E-6	4.308255725224699E-7	4.3683753979830856E-5	0.09554074792929175	1.4506690550442595E-4	2.5688296549891907E-5	3.364368851726081E-6	7.01813902532633E-7	0.14607205683231825	0.09439392449203848	5.697721783845635E-4	2.7027876228634747E-6	1.16985012036012E-4
50	file:/C:/mallet/hist-data/texts/neh-bethune-bethune.txt	7.127506563900997E-4	2.0891740678109474E-4	0.08055506931407354	0.16238181875495908	0.02440618814631093	1.1882862852923278E-4	1.6431478737328152E-4	0.0018623945030024917	3.786356335899897E-5	0.05719420977745633	0.0733175865630305	0.011028229610984751	5.365136773317786E-4	2.9568113246975175E-4	6.167966077126198E-5	0.2700098621641252	0.31503257400041845	1.6227600854517739E-4	2.375373629866689E-4	0.0016757042811013875
51	file:/C:/mallet/hist-data/texts/neh-bibb-bibb.txt	0.23146923143880138	0.007046122133535274	0.09123554989913764	0.008777793200489202	6.545393443130746E-4	3.710087578035329E-6	5.1302641380831574E-6	4.4105977207691414E-6	1.1821825919990082E-6	0.0019469395077002512	0.07295381389685834	0.007921298523494996	0.024252318103886384	0.017420149106802157	1.92577282156039E-6	0.0855434613484875	0.14434071029986387	0.020640227853928394	7.4164318030423645E-6	0.28577407000604804
52	file:/C:/mallet/hist-data/texts/neh-black-black.txt	0.15272962704726986	3.411563306872828E-5	0.11180496475134832	0.03382394842093754	3.317389283750932E-4	1.940438545272221E-5	2.6832149030390167E-5	2.3068171963752896E-5	6.1830148771837295E-6	6.481822321438067E-5	0.03979707132461803	0.11647159870237853	0.045618632131703044	0.014101068148417046	1.0072117527673734E-5	0.051961420759363906	0.09978552333612287	3.0755490689443816E-4	3.878919253606126E-5	0.33304356865490037
53	file:/C:/mallet/hist-data/texts/neh-blair-blair.txt	4.167734189572871E-4	0.23699325601257656	0.018214958574454248	0.028690150084209914	0.053987500036325416	2.034800779126994E-5	2.8136978563796803E-5	0.003855592023574575	6.4836907719137545E-6	6.797029023134884E-5	0.05470019875568265	0.02340325106141727	0.0051021666733517745	0.09318317434782651	1.0561917893614094E-5	0.054488270037362306	0.008852975320557755	3.2251109714239297E-4	4.067548513009554E-5	0.41761504618617923
54	file:/C:/mallet/hist-data/texts/neh-bleby-bleby.txt	0.03490765659519084	7.91392512521679E-6	0.1400314040662669	0.00693349713691479	1.175717284837462E-5	4.501304526998591E-6	6.224349345866666E-6	5.351206156104047E-6	6.663178601042007E-5	1.5036114506062104E-5	0.023118933996032334	0.03412485872252906	0.005888097580582851	1.120059060352396E-5	2.3364650395263767E-6	0.14720807291511864	0.24305873760841923	0.2855711532699647	8.998067389797079E-6	0.07901763712742882
55	file:/C:/mallet/hist-data/texts/neh-bluett-bluett.txt	0.002138742406915253	7.073605014321988E-4	0.3623869993540281	0.026123946183113134	3.9357327607781364E-4	2.3021258283771363E-5	3.183351694606746E-5	2.736795484741865E-5	0.020347355393403425	4.1034293970449874E-4	0.11857182197368249	0.00380376824659437	0.0414508671439655	5.728376910913859E-5	1.1949505931740223E-5	0.09565793025553668	0.06036593374820301	3.143853423385242E-5	0.1751035675903943	0.09235489644759716
56	file:/C:/mallet/hist-data/texts/neh-boen-boen.txt	0.006319193485040031	7.365465869631772E-5	0.41735306645642095	0.022054472505253768	1.0942364751737835E-4	4.189350333475502E-5	5.792982867826907E-5	0.0012633855957448524	1.3348949133547429E-5	0.0019603137830519744	0.11868743477287487	0.15073147816339322	0.022640418574288387	1.0424355361551915E-4	2.174540854497655E-5	0.08973192627946852	0.06252269756452282	0.00855228563702652	6.905357795323613E-4	0.09707055185386099
57	file:/C:/mallet/hist-data/texts/neh-boxbrown-boxbrown.txt	0.14222039028344557	4.95010348966343E-4	0.15627309604923068	0.141247257681542	1.7430063692689585E-5	4.899511229812328E-4	0.0015557169645422104	7.93318813429715E-6	2.126350554995461E-6	2.2291110023739065E-5	0.12213385318066364	0.0329989463177537	0.002446519246358559	0.06844875811443991	3.4638203401353633E-6	0.11046568033596423	0.1894486425954446	1.0576871638782781E-4	1.3339676956178988E-5	0.03160382483257753
58	file:/C:/mallet/hist-data/texts/neh-bradford-bradford.txt	0.07075729075769105	0.016225938685943624	0.055362653103482526	0.016540910986187176	0.015840995639629107	0.004402127407768627	0.01505130511026625	0.07560861836642926	2.148781259312657E-6	2.2526257185466426E-5	0.02506331147037762	0.022114402091649766	0.011458445391719552	0.06751034033847164	0.15188842971342584	0.08350051771731402	0.166735296867346	0.02081402595609175	1.3480396156401177E-5	0.18108723496160506
59	file:/C:/mallet/hist-data/texts/neh-bragg-bragg.txt	0.007209621855789887	8.22383328586854E-6	0.05025764992077423	0.04473885217157522	0.07521539939432666	0.005153724257603287	6.468093963930464E-6	5.5607586134330014E-6	1.4904628459207248E-6	0.22609942466316935	0.1396745666165966	0.03600318815711431	4.953736459025634E-4	0.144794701846335	0.0054902277145418635	0.1438941374014066	0.055964599997971515	0.0029196642519396577	0.0284646084134345	0.033602516542809636
60	file:/C:/mallet/hist-data/texts/neh-bragg1915-bragg1915.txt	0.0027208325017256977	3.508191015644528E-5	0.06930712436147324	0.015128863045501295	0.048028806284968896	1.9953987244558266E-5	3.1660832154734145E-4	2.3721545330126747E-5	6.35814003452142E-6	0.430411760749993	0.14583714402552028	0.08046429029940058	3.7910884852130657E-4	0.008720137176901515	1.035739602073811E-5	0.15747898289548226	0.025155468376193736	2.7249775114687207E-5	3.9887841590092625E-5	0.015888262517279626
61	file:/C:/mallet/hist-data/texts/neh-branham-branham.txt	0.01730867096771286	0.00989700424422531	0.01120115930854528	0.03037540876967696	0.06774831259391334	1.5845961093184267E-5	0.027104681110679676	1.8837873341525068E-5	5.049158264823482E-6	0.03379163608332866	5.96401201922817E-4	0.047144113760552574	0.12148497763009714	3.942948579896903E-5	8.225067619809984E-6	0.02613704176578096	0.010336957725591287	2.1639728991162504E-5	3.1675934146949855E-5	0.5967329316287167
62	file:/C:/mallet/hist-data/texts/neh-brinch-brinch.txt	0.06493489632427729	8.667174094201708E-6	0.2181935450437325	0.1128414508719866	1.2876222900793844E-5	0.024924576762603293	0.01678652179965318	7.726353508934876E-5	1.5708126025283286E-6	8.787025494420396E-5	0.045669253755269555	0.04251388557433419	0.09805857696516085	1.2266665047069504E-5	2.5588502471504303E-6	0.02126948647327194	0.1358112385236258	8.63568203909533E-4	0.16209466465493344	0.05583526153231654
63	file:/C:/mallet/hist-data/texts/neh-brown47-brown47.txt	0.2772325246207207	1.7113161819633374E-5	0.07878225288375013	0.006675029275088692	2.5423844465564503E-5	9.733672172930117E-6	1.3459603912392017E-5	1.157150913493363E-5	3.1015380518744107E-6	3.251426524884247E-5	0.03800902360297075	0.008093534731419468	7.488667023656497E-4	0.024837368180507458	5.052398610637053E-6	0.030153536672516475	0.1543826504401676	0.003960838856500343	1.945752339947054E-5	0.37698694651717646
64	file:/C:/mallet/hist-data/texts/neh-brown52-brown52.txt	4.449599182151737E-4	4.731943997530457E-6	0.020653489818933272	0.03887983544368632	1.6296309968921345E-4	4.7049097873708167E-4	3.7217021970370955E-6	3.1996269170200077E-6	8.57603318566285E-7	0.012093811689324906	0.05623724283465164	4.447040100644306E-4	0.008471526784895857	0.05735112289098888	1.3970339047052505E-6	0.12263674415305774	0.18946030158006338	0.021873303568513146	0.39958414569668643	0.0712214496221577
65	file:/C:/mallet/hist-data/texts/neh-brown55-brown55.txt	0.01058171066237008	3.911065818339912E-6	0.01897162469437904	0.06303470827100435	0.0013268563407799513	3.4445179667112446E-5	3.0760766096278486E-6	2.644568801559812E-6	7.08829822730353E-7	0.014345612399156991	0.04313049148832908	0.004298475775018542	0.007453010024595645	0.04247232921314726	1.1546822098076776E-6	0.11802029335733277	0.2063099440620553	0.009926992775602547	0.3837521820984529	0.07632982843484641
66	file:/C:/mallet/hist-data/texts/neh-brown80-brown80.txt	0.07220488185897174	0.002365835157216608	0.003088970888699202	0.023044155488633387	0.06282870004930519	8.929370530060071E-4	0.008557977596670048	0.2312397480134188	8.515285624766655E-7	0.011737196143581935	0.0678381108307055	0.025717329164263808	0.05133775940791815	0.02090851583711235	0.00170450215759714	0.11263316813948367	0.11852280370786356	3.649488955140413E-6	0.011153004016678606	0.17421990347135674
67	file:/C:/mallet/hist-data/texts/neh-brownbox-brownbox.txt	0.1987777837720554	0.01212040660403695	0.16757133493122753	0.03702388459432869	2.3986611944957856E-5	9.183419035140222E-6	1.2698720542311004E-5	1.0917361440482879E-5	2.926205349611755E-6	0.02450522564517258	0.11526961154697402	0.062304694694272765	0.0036328374265740776	0.0036142251931069284	2.707944933342211E-4	0.09588695526468886	0.10920946556918289	0.03512819905034299	1.835757231071757E-5	0.13460651132407883
68	file:/C:/mallet/hist-data/texts/neh-browne-browne.txt	0.04890166871009307	0.002648820444510619	0.07209936049289989	0.05967680690334527	3.4334494472022756E-6	1.3145168263856053E-6	1.8176979360913452E-6	0.2610920848121102	4.188577429392551E-7	4.3909994098663E-6	0.03883321261674908	0.015544102265073832	0.004270813430189181	0.007847600751254324	1.339597670831918E-4	0.1415002760945312	0.300446177345189	2.493104063336572E-4	2.6277073497017292E-6	0.046741802731925235
69	file:/C:/mallet/hist-data/texts/neh-brownhal-brownhal.txt	0.0044329844007684385	3.7783676949151327E-6	0.04469286526565745	0.04860067872840508	0.24111862692465105	0.0036129300652884273	0.009994874288945245	0.007908920123046911	6.847800133758887E-7	0.1148673672735175	0.027566399437718922	0.026408740254925143	9.703097398842276E-6	0.04520236480837569	0.06910399316259346	0.16484707648855365	0.11423883125301562	0.005045577260140947	0.016906486318756662	0.05543711770053268
70	file:/C:/mallet/hist-data/texts/neh-brownj-brownj.txt	0.0910378478475604	8.494270668165687E-4	0.034076261462460594	0.0051611759765857225	1.886114624426119E-5	7.221103582347383E-6	9.98525451669212E-6	8.584536707514878E-6	2.3009330023937953E-6	0.017804662561195873	0.0765189283204912	0.0016114978752656862	0.018859058877224267	0.09111709434545529	3.7482147599116703E-6	0.09004060351996374	0.16253906779210686	0.045193354433894814	0.1528224983036686	0.21231782042849737
71	file:/C:/mallet/hist-data/texts/neh-brownrw-brownrw.txt	0.001352329605035444	2.559214419761579E-5	0.36702478329006416	0.05910716003128313	0.0017247117666459107	1.4556371548836586E-5	2.0128374160147443E-5	0.011402470951902605	4.638243352955263E-6	2.5946037437020637E-4	0.12177880031635799	0.1491472692065878	0.009131687958634763	3.6220601697440674E-5	7.555688139342754E-6	0.14840341680325858	0.12166067690206078	0.0025499155501807675	2.9098056210538514E-5	0.006319527764310933
72	file:/C:/mallet/hist-data/texts/neh-brownsn-brownsn.txt	0.004070587026522121	1.67981817226289E-5	0.010767154316190184	0.04502428094639769	0.34004644964817404	9.554516910007176E-6	0.0026426007107276123	1.13585271560203E-5	3.044452005079617E-6	0.10119419173440093	0.040353995585034406	0.07243378841853501	0.0026725276789339274	2.3774492856806138E-5	4.959405566963618E-6	0.2799440344595289	0.06407935014289258	1.3047940440985048E-5	1.909939363523254E-5	0.03666940242236884
73	file:/C:/mallet/hist-data/texts/neh-brownww-brown.txt	0.03366119855414372	0.009982887276903028	0.040346869037360775	0.06827408655907193	0.036211052877360386	0.11547907348794201	2.9771763813095467E-6	0.005210403376180287	6.860399380157019E-7	0.03714816204058407	0.09993442326877397	0.0016031288022190359	0.001849617873493706	0.08641814338097915	1.1175575381308963E-6	0.14572231399410063	0.1431389370546983	2.940236284372583E-6	0.12256014979128635	0.052451831614760885
74	file:/C:/mallet/hist-data/texts/neh-bruceje-bruceje.txt	0.02475811276121541	0.06123779849860816	0.022880064855115487	9.683894224003938E-4	0.1382578605818836	4.9669342682754245E-5	6.868216508852199E-5	5.904752516507071E-5	1.5826643183091524E-5	0.2908105152373235	0.14647230904636938	0.0031708702835530084	2.2425809355210274E-4	0.005159513456553299	2.5781566658830694E-5	0.17113459900475886	0.0180129633234982	6.782997310818168E-5	0.11520606094335256	0.0014198472759295955
75	file:/C:/mallet/hist-data/texts/neh-bruner-bruner.txt	0.08345402654119415	0.0022066909666879505	0.0025129384395458404	6.300268981976811E-5	0.01350448672133583	1.2568887246977652E-5	0.04826047770434391	1.494204766817935E-5	4.00495120172978E-6	0.023162261953238346	1.0896172486263712E-4	0.005171578758486576	0.13022208758773895	0.0038543130698863726	6.524056628955422E-6	0.0038010920822232476	0.042788581387583985	5.63312731453684E-4	2.5125092911338007E-5	0.6402630226059415
76	file:/C:/mallet/hist-data/texts/neh-campbell-campbell.txt	0.07354340390501	4.60292856557364E-6	0.056114778814138816	0.009455308647013123	6.838253571761949E-6	2.618066618250977E-6	3.6202307897643205E-6	3.1123897795950025E-6	8.3422094915317E-7	0.0290557894537378	0.027894207417932852	0.11047764706654004	0.048739564298354264	0.002812625840863951	1.3589440767681636E-6	0.03287243555975444	0.1062923970403916	0.021504455205451776	1.1899476097417059E-4	0.48109540695548636
77	file:/C:/mallet/hist-data/texts/neh-capehart-capehart.txt	0.017620874209704956	0.0050382817298558645	0.0022048595285697335	0.004090486880656897	0.003887870533666367	8.440086510886605E-5	0.05635047986982898	0.47930986677670046	2.6893498167553987E-5	2.8193184099761505E-4	0.0031766313887962483	0.02861510882829458	0.12018345412217028	2.1001457044231528E-4	4.3809448894171394E-5	0.0010751055956094938	0.06850528500524503	1.1526040211982526E-4	1.6871657259615294E-4	0.20901066833257465
78	file:/C:/mallet/hist-data/texts/neh-captain-captain.txt	0.18486757965859849	0.02065234142450026	0.2288499256167836	0.015865813406062856	6.756491120490998E-5	2.5867633707108752E-5	3.5769450384491E-5	3.0751760941094E-5	0.004878955417896206	0.006455801857488078	0.26586544177513594	0.04960916810840728	1.1679289288993354E-4	0.00306172821891844	1.342695688537062E-5	0.062150091660365364	0.08169244712955083	0.039750369710642455	0.021407912116039263	0.01460225029359795
79	file:/C:/mallet/hist-data/texts/neh-carolinatwin-carolinatwin.txt	9.046124456345412E-4	0.006202389041151319	0.08083583816239255	0.07791896420451433	0.04447447263689765	1.1535657792417805E-5	0.23493604532440576	0.00402372956035361	3.6757228886428673E-6	0.018083604829274902	0.0617539978550618	2.3517964140992972E-4	0.00957587132265127	0.0011982921133127666	0.04127573398005891	0.11226030142396173	0.19081631369143215	0.011711632946981269	0.0635149769620683	0.04026283247775611
80	file:/C:/mallet/hist-data/texts/neh-charlton-charlton.txt	0.29483605031846183	0.005070213460221716	0.10606011326340338	0.1297077748807281	0.011773301511672569	3.8377177297218053E-5	5.306749565007224E-5	4.562326014047838E-5	1.2228506733756329E-5	1.2819475527579613E-4	0.027013983296030823	0.04358363130923315	0.007955315286591097	0.05568150495293358	1.992021035964968E-5	0.08497958866331265	0.08284442774439685	5.2409046776897554E-5	7.671563331903997E-5	0.15006755922746134
81	file:/C:/mallet/hist-data/texts/neh-chesnutt-chesnutt.txt	2.6087252638305356E-4	1.3116891275478233E-5	0.023968367749039966	0.016570763590356127	0.052861422427367424	7.460662205449045E-6	1.0316513277359394E-5	8.869326943545453E-6	2.3772659805344366E-6	0.0241225731223391	0.10412763055640542	0.0024213875106454666	0.001114297221041143	0.4176751716460145	3.872561012078555E-6	0.2559839986191768	0.09293678262581544	1.1824972635996748E-4	1.4913796854776455E-5	0.007777555661506447
82	file:/C:/mallet/hist-data/texts/neh-clarke-clarke.txt	0.2667225525939071	1.1112674126650558E-5	0.06946833727628494	0.05432072928636665	1.6509333667863336E-5	9.218189477579246E-4	8.740184527478966E-6	9.906394840913201E-5	2.0140276837880878E-6	0.0035915567731092633	0.03466062899967581	0.021917719612284992	0.03243717612299524	0.015945397331641117	0.002200476646159462	0.06672878618858642	0.16195514375244685	0.0037621745625880253	1.2635018538884266E-5	0.2652174267192425
83	file:/C:/mallet/hist-data/texts/neh-clarkes-clarkes.txt	0.279176249568478	0.005125452324657308	0.06664737131404315	0.029116707357423454	2.3246315878792638E-4	5.046487926422388E-6	6.978222343178303E-6	0.005999707198727062	1.6080133020765335E-6	0.007106975088309605	0.03220510813576909	0.020788485263365332	0.02165860853312894	0.01039190494786707	2.619450104243426E-6	0.044870903646177254	0.15854367971820682	0.010093863422541387	1.0087884117012592E-5	0.3080161802647247
